1000 
1: 445,247,88,414,441,716,937,
2: 300,165,328,
3: 346,844,584,53,385,466,667,853,
4: 959,429,
5: 570,43,482,
6: 866,27,581,522,
7: 79,126,248,19,929,366,643,
8: 368,978,137,846,818,
9: 753,810,80,837,21,587,
10: 523,512,151,244,
11: 975,184,185,158,301,916,84,320,
12: 874,893,698,462,795,232,661,890,
13: 313,408,
14: 610,300,197,555,572,1,
15: 120,129,556,398,277,681,563,461,800,
16: 232,226,
17: 434,998,256,915,147,681,630,462,245,
18: 909,448,727,289,135,277,127,
19: 941,803,836,711,68,831,514,179,406,
20: 850,96,817,331,853,272,
21: 685,982,630,848,
22: 321,300,966,315,
23: 165,879,590,768,357,449,950,892,
24: 238,874,182,616,716,488,142,
25: 159,225,682,125,702,313,256,229,822,
26: 947,575,647,185,308,466,249,353,
27: 746,770,220,
28: 780,663,280,970,675,188,973,992,
29: 706,972,826,675,484,
30: 572,448,102,541,
31: 684,179,14,989,621,409,
32: 831,401,675,329,234,447,955,550,
33: 306,802,
34: 940,31,845,767,819,869,677,
35: 288,348,836,64,446,389,879,
36: 961,410,908,634,467,143,897,291,
37: 781,926,
38: 215,624,
39: 459,654,214,412,688,273,783,
40: 542,46,564,458,
41: 280,777,326,650,669,180,
42: 895,630,375,336,43,
43: 930,493,170,
44: 417,406,846,818,701,4,
45: 743,134,
46: 280,115,710,517,
47: 111,289,894,394,190,
48: 896,511,
49: 637,731,600,504,113,978,945,827,233,
50: 460,227,456,
51: 681,433,309,593,935,156,996,
52: 671,575,155,41,969,510,131,121,
53: 568,574,
54: 115,857,
55: 163,439,687,597,617,100,535,
56: 491,481,548,856,845,
57: 563,179,4,627,133,426,851,
58: 442,926,620,127,230,157,
59: 827,315,712,603,953,987,
60: 567,736,
61: 304,475,246,651,196,
62: 351,989,559,695,709,837,
63: 41,818,454,272,973,432,195,
64: 569,730,
65: 384,582,731,475,487,2,
66: 284,62,619,428,154,196,
67: 399,342,228,
68: 337,25,39,559,76,853,
69: 241,572,226,205,911,12,
70: 315,280,746,338,892,79,989,149,664,
71: 807,982,916,
72: 613,298,93,296,
73: 959,654,545,228,469,621,626,863,472,
74: 413,526,503,44,333,784,428,
75: 658,814,712,610,
76: 563,898,808,54,660,68,671,615,
77: 211,514,402,320,329,56,302,
78: 768,927,
79: 420,669,448,258,
80: 918,93,711,836,305,583,91,
81: 363,845,91,937,90,598,
82: 353,216,503,823,
83: 964,25,768,
84: 862,481,549,105,287,555,322,
85: 859,801,409,347,268,
86: 956,926,
87: 806,19,591,431,558,
88: 285,474,754,52,166,700,
89: 148,187,439,730,749,
90: 835,224,
91: 596,64,260,13,926,917,637,
92: 213,282,87,441,619,838,987,
93: 855,150,
94: 788,592,579,635,63,90,470,
95: 94,793,235,93,962,874,352,922,86,
96: 992,262,325,485,80,260,
97: 504,28,432,756,91,487,231,812,
98: 798,942,267,252,
99: 526,748,117,644,
100: 939,325,471,
101: 738,26,833,707,782,
102: 234,970,858,987,726,746,
103: 661,570,514,135,146,777,349,
104: 429,904,777,235,568,43,210,
105: 703,922,
106: 610,122,387,591,424,305,45,284,
107: 79,14,989,897,257,
108: 721,802,152,
109: 631,587,818,979,235,614,678,370,547,
110: 790,508,87,605,
111: 116,831,717,148,868,455,
112: 857,849,
113: 540,555,
114: 546,993,61,111,807,757,501,699,895,
115: 109,766,18,786,397,497,419,573,813,
116: 399,122,
117: 251,5,321,445,755,517,475,
118: 586,177,591,644,706,160,403,
119: 183,849,426,486,
120: 285,583,151,862,453,167,135,
121: 866,20,194,207,
122: 796,126,344,
123: 428,769,
124: 440,594,130,397,359,150,
125: 192,486,564,
126: 174,456,
127: 15,891,662,754,289,798,
128: 76,428,583,793,352,652,
129: 818,366,191,397,443,19,
130: 872,35,49,452,409,625,748,
131: 778,872,
132: 679,784,103,433,489,109,316,899,677,
133: 404,936,186,187,
134: 880,950,
135: 449,666,
136: 190,639,880,527,550,16,161,
137: 828,596,392,666,472,366,201,955,36,
138: 492,790,602,739,674,680,119,
139: 180,915,
140: 126,740,
141: 943,692,571,444,593,491,
142: 960,50,238,42,380,232,727,934,
143: 479,876,409,555,890,992,801,
144: 559,819,447,17,659,
145: 796,751,165,912,68,55,647,
146: 552,629,
147: 908,149,170,275,
148: 786,388,785,943,520,73,263,903,754,
149: 320,238,
150: 236,381,743,262,325,869,246,537,677,
151: 943,35,196,
152: 16,68,224,277,636,540,548,
153: 277,339,420,875,165,
154: 170,974,233,789,49,465,
155: 304,788,715,
156: 836,817,
157: 720,93,455,155,536,555,849,794,
158: 30,294,694,516,184,14,
159: 86,840,612,253,554,610,395,545,255,
160: 558,978,921,211,239,62,142,11,843,
161: 951,174,705,
162: 401,12,973,872,487,369,718,573,
163: 301,48,408,148,156,582,667,526,565,
164: 215,29,344,764,300,596,801,
165: 283,529,825,716,847,365,
166: 535,553,946,580,853,539,424,
167: 947,452,468,329,7,818,541,
168: 838,446,596,
169: 347,425,56,706,742,965,
170: 104,936,878,148,735,662,
171: 753,988,849,113,161,280,
172: 301,788,915,273,923,752,
173: 923,107,
174: 49,9,977,395,98,
175: 462,271,839,790,489,288,443,
176: 380,833,484,398,970,173,
177: 526,799,242,464,73,616,
178: 435,165,338,672,779,577,
179: 292,886,
180: 234,699,402,228,74,958,508,415,677,
181: 962,807,293,415,585,598,
182: 864,306,58,
183: 96,40,47,686,189,957,688,54,
184: 498,490,620,361,437,949,72,
185: 685,336,758,448,
186: 592,611,
187: 510,476,173,412,855,472,372,
188: 247,4,741,196,810,
189: 36,194,841,15,753,183,644,886,
190: 334,842,903,635,896,
191: 429,234,215,
192: 918,585,137,754,1000,673,471,
193: 106,696,
194: 222,976,125,897,
195: 706,213,336,52,66,804,
196: 81,136,687,488,889,51,829,581,956,
197: 542,331,654,797,292,344,316,123,
198: 849,228,650,372,
199: 722,173,716,625,695,
200: 91,125,227,791,111,228,771,630,937,
201: 414,586,264,239,497,
202: 928,469,771,892,
203: 79,810,
204: 189,231,684,630,322,316,658,100,869,
205: 479,415,807,736,470,273,472,962,
206: 500,962,623,710,
207: 737,113,44,642,535,303,75,205,
208: 440,857,263,
209: 727,353,
210: 110,818,598,190,755,
211: 198,712,272,264,
212: 553,162,113,25,294,156,
213: 379,31,690,925,683,510,974,889,358,
214: 785,900,809,348,
215: 132,263,894,
216: 881,615,232,445,313,212,261,914,
217: 453,481,508,725,512,927,
218: 238,449,342,150,
219: 564,691,561,196,973,823,582,427,661,
220: 862,973,420,425,544,363,300,791,367,
221: 661,365,276,38,273,434,851,
222: 75,336,341,358,264,292,993,
223: 714,887,927,433,501,900,707,780,
224: 418,346,716,250,940,5,
225: 535,396,
226: 881,333,6,76,53,247,
227: 135,42,29,824,896,343,606,
228: 441,75,
229: 143,716,864,193,187,995,819,
230: 327,131,920,
231: 484,669,483,170,920,186,393,
232: 867,75,293,823,634,171,486,77,
233: 345,469,988,762,437,549,770,
234: 958,563,875,218,38,389,178,
235: 731,975,955,212,163,760,
236: 724,147,
237: 762,303,28,121,124,832,491,292,354,
238: 723,343,40,390,504,417,670,
239: 635,648,892,983,
240: 218,83,134,178,390,
241: 471,476,553,393,267,
242: 21,854,901,82,996,978,
243: 104,626,214,616,
244: 904,215,554,629,373,795,347,223,679,
245: 298,579,575,440,465,234,515,2,
246: 877,68,759,
247: 843,808,447,
248: 610,202,505,970,377,45,796,376,
249: 704,12,951,372,
250: 676,531,931,487,292,741,
251: 212,239,
252: 452,876,132,344,865,412,815,
253: 716,851,636,97,695,971,103,838,
254: 605,58,874,
255: 713,468,310,396,379,
256: 231,35,8,78,423,
257: 711,25,366,73,5,109,232,978,801,
258: 927,227,983,277,737,769,504,234,301,
259: 374,564,479,956,965,424,355,798,164,
260: 910,635,827,944,200,663,735,325,
261: 744,905,107,
262: 995,485,875,213,
263: 77,71,398,754,229,88,730,
264: 258,215,630,767,172,
265: 896,651,395,856,104,639,573,
266: 414,66,509,511,214,593,119,139,
267: 159,720,293,960,637,835,820,666,469,
268: 101,283,903,315,222,184,255,378,450,
269: 548,108,297,847,173,906,11,333,49,
270: 682,111,899,757,
271: 759,729,996,140,37,64,614,741,
272: 933,502,656,988,
273: 534,780,392,851,175,223,820,196,
274: 164,517,761,374,396,
275: 897,745,294,200,392,627,556,605,120,
276: 324,820,763,728,231,94,
277: 826,922,279,543,
278: 318,680,514,240,
279: 337,795,889,
280: 437,84,862,33,606,175,28,
281: 374,282,341,
282: 735,190,350,719,123,173,730,
283: 853,413,515,787,528,
284: 736,852,678,331,
285: 856,328,128,289,
286: 469,321,36,843,862,
287: 726,236,
288: 57,451,931,654,301,713,399,
289: 497,116,74,880,921,626,562,47,
290: 341,195,477,313,
291: 886,681,931,471,147,831,157,409,926,
292: 178,204,377,685,668,85,534,999,
293: 73,543,116,272,432,828,
294: 41,229,536,422,660,674,921,
295: 185,224,882,503,942,588,174,153,
296: 789,3,290,791,73,
297: 763,161,679,118,
298: 783,880,871,925,773,559,117,728,
299: 751,505,970,326,348,557,743,81,753,
300: 326,560,8,671,226,600,793,764,
301: 542,866,875,751,459,980,391,451,201,
302: 988,15,876,955,
303: 566,135,78,
304: 382,978,702,794,69,894,948,79,313,
305: 113,393,28,593,
306: 945,62,375,50,102,
307: 606,39,106,463,186,824,146,568,976,
308: 784,743,382,197,22,146,441,
309: 296,402,281,37,87,18,
310: 596,670,905,
311: 956,987,
312: 531,997,243,627,913,
313: 2,19,333,78,
314: 117,255,428,
315: 554,188,
316: 446,963,360,521,
317: 675,350,
318: 524,820,
319: 352,367,
320: 626,421,252,
321: 549,809,248,
322: 921,660,994,237,219,357,316,488,
323: 155,533,470,
324: 753,551,
325: 482,833,537,978,115,249,704,
326: 480,298,559,
327: 747,901,255,388,880,328,484,907,
328: 630,599,576,613,37,777,
329: 528,681,
330: 599,779,70,15,744,
331: 242,274,55,
332: 225,312,669,221,234,148,171,544,503,
333: 931,505,146,820,239,
334: 162,494,100,777,597,158,481,253,
335: 339,482,832,473,856,658,344,709,941,
336: 841,174,954,107,155,
337: 122,328,691,820,999,1000,648,
338: 544,904,581,209,644,192,974,
339: 713,156,248,
340: 606,434,2,19,881,
341: 666,795,222,
342: 237,172,540,127,975,202,525,239,
343: 567,395,294,87,937,170,533,648,
344: 997,842,
345: 597,640,97,594,806,367,843,
346: 383,90,223,676,778,71,
347: 905,863,986,
348: 958,983,330,795,790,289,403,718,
349: 447,891,719,
350: 355,155,606,5,331,
351: 921,571,
352: 365,578,146,539,
353: 187,230,111,856,696,990,114,
354: 667,243,
355: 115,894,553,
356: 383,752,803,422,259,770,583,
357: 77,683,955,680,632,488,259,307,
358: 343,201,830,
359: 106,271,317,424,
360: 771,330,
361: 913,752,71,733,553,661,610,579,
362: 732,938,349,39,249,766,257,34,
363: 549,581,
364: 334,824,341,219,524,
365: 814,651,91,
366: 458,331,56,648,
367: 750,114,843,343,268,695,604,783,
368: 279,498,
369: 78,601,
370: 112,178,241,992,955,
371: 690,857,137,963,621,530,833,241,502,
372: 182,962,88,
373: 996,929,485,303,456,136,355,640,540,
374: 6,985,766,144,734,236,
375: 350,189,162,733,846,
376: 23,591,334,950,279,409,
377: 666,452,653,574,521,967,620,446,912,
378: 5,689,422,642,355,387,761,855,154,
379: 696,971,446,48,796,
380: 121,23,604,766,
381: 483,819,308,726,256,
382: 633,967,37,
383: 25,732,856,574,686,293,
384: 39,197,499,
385: 624,751,504,100,761,987,
386: 806,443,145,786,
387: 522,865,276,66,
388: 865,941,264,254,373,436,
389: 170,601,663,
390: 34,506,955,975,
391: 611,727,88,
392: 20,22,
393: 280,396,231,674,640,
394: 770,249,598,258,642,188,
395: 203,881,855,293,382,221,
396: 648,554,485,361,46,83,55,
397: 806,272,506,435,135,748,
398: 817,162,962,797,591,
399: 129,497,53,216,207,
400: 374,932,58,314,36,780,937,373,
401: 956,762,163,
402: 176,901,561,153,771,533,71,
403: 965,566,960,274,599,801,160,
404: 606,725,125,
405: 914,488,323,
406: 410,340,
407: 936,222,644,993,794,273,357,327,678,
408: 106,708,259,391,
409: 237,960,151,945,389,
410: 177,2,721,668,821,
411: 827,159,573,145,108,162,
412: 363,241,
413: 350,593,582,500,631,79,910,770,537,
414: 413,323,678,
415: 829,123,63,510,948,406,820,818,455,
416: 641,509,79,546,108,911,762,784,
417: 330,837,825,833,553,133,997,872,
418: 829,444,75,205,169,625,
419: 778,265,4,962,183,
420: 506,60,479,813,818,81,647,82,846,
421: 783,656,860,
422: 70,307,321,777,577,113,
423: 858,311,374,125,817,860,130,489,
424: 640,292,48,
425: 468,945,
426: 354,600,221,
427: 863,987,633,945,
428: 552,533,376,174,170,
429: 972,70,548,423,
430: 662,40,957,282,250,
431: 30,149,216,774,687,925,962,
432: 622,436,984,731,823,555,147,493,
433: 623,380,684,294,10,475,520,82,
434: 188,592,670,506,115,342,73,956,216,
435: 619,512,574,125,442,956,
436: 818,403,247,87,271,557,651,
437: 241,183,422,46,
438: 457,918,408,258,703,478,83,
439: 970,730,399,959,337,555,873,97,
440: 511,66,660,651,912,252,11,
441: 743,972,984,772,197,770,557,257,62,
442: 754,918,786,382,
443: 949,833,18,37,454,427,
444: 102,483,665,42,
445: 842,371,773,813,979,167,69,
446: 393,130,757,814,598,991,522,867,486,
447: 751,84,998,727,691,738,805,
448: 478,743,656,230,
449: 371,44,348,343,170,
450: 263,552,
451: 355,619,176,813,931,
452: 329,609,340,745,234,520,944,486,
453: 953,955,136,232,114,648,266,720,968,
454: 766,765,811,889,675,511,293,
455: 10,633,888,158,589,349,473,
456: 699,540,437,288,956,
457: 694,610,582,409,930,430,106,
458: 512,59,502,596,95,406,184,424,
459: 627,195,780,689,633,297,699,854,190,
460: 177,509,738,148,706,110,
461: 368,110,762,103,609,542,
462: 167,160,696,761,
463: 640,453,698,938,580,
464: 798,65,647,
465: 357,228,724,524,637,34,663,
466: 601,803,266,119,567,90,
467: 2,998,527,91,
468: 622,265,868,767,221,543,942,257,65,
469: 862,25,150,202,
470: 817,235,107,736,76,
471: 675,378,
472: 113,243,819,292,85,776,828,
473: 74,270,39,592,656,320,
474: 7,239,
475: 891,807,570,691,734,
476: 3,345,919,
477: 288,748,66,
478: 411,504,728,482,
479: 807,293,74,782,43,540,169,
480: 732,878,836,757,15,
481: 945,179,348,597,821,580,122,74,629,
482: 1,837,533,295,635,185,863,680,632,
483: 3,197,164,118,959,351,
484: 852,804,400,74,902,254,62,289,882,
485: 771,569,283,620,464,102,304,150,530,
486: 266,504,5,
487: 217,470,412,998,432,198,187,301,
488: 667,212,
489: 852,903,973,821,234,577,
490: 474,648,518,872,217,390,351,263,
491: 376,895,176,629,
492: 760,423,467,416,753,
493: 545,825,773,676,
494: 457,970,6,
495: 656,125,754,233,36,807,66,
496: 43,982,988,
497: 645,507,768,947,734,339,
498: 689,929,92,328,888,528,70,974,816,
499: 979,405,725,801,340,530,498,
500: 914,922,404,
501: 902,67,
502: 110,117,582,978,798,676,
503: 987,166,387,929,
504: 973,121,180,607,524,845,
505: 960,321,
506: 912,769,608,139,
507: 60,101,474,9,291,415,299,408,230,
508: 591,991,509,349,28,86,
509: 515,644,771,683,
510: 988,985,
511: 443,167,
512: 979,241,
513: 189,321,737,616,10,
514: 644,385,
515: 812,563,799,121,115,
516: 320,747,20,558,161,
517: 184,135,437,31,
518: 779,770,
519: 483,849,
520: 896,343,605,634,
521: 730,977,
522: 589,864,576,122,339,345,886,85,877,
523: 907,197,995,771,214,339,
524: 272,614,73,
525: 989,236,278,554,865,572,981,
526: 271,827,298,952,494,
527: 235,313,884,432,70,
528: 102,190,925,484,230,227,282,119,
529: 1000,624,
530: 837,846,945,597,
531: 651,742,741,447,796,790,495,449,
532: 309,798,46,563,
533: 445,449,770,475,966,39,
534: 559,361,995,444,883,496,
535: 123,558,855,955,470,791,
536: 838,825,897,
537: 294,155,918,504,61,963,
538: 356,514,363,820,
539: 401,687,293,
540: 185,71,486,997,543,127,354,443,788,
541: 285,364,360,991,103,887,913,923,
542: 985,668,404,156,54,70,
543: 260,997,832,774,217,85,
544: 708,381,
545: 330,174,992,806,873,
546: 412,657,569,64,101,727,221,
547: 360,86,271,962,327,417,
548: 735,367,417,336,426,958,
549: 854,575,52,952,82,252,661,
550: 702,386,695,774,469,265,23,955,
551: 723,994,762,865,
552: 409,679,945,224,127,718,481,921,
553: 678,958,334,310,29,109,572,757,
554: 690,100,173,833,
555: 471,886,
556: 580,66,803,378,
557: 962,169,163,489,381,352,484,846,
558: 158,786,234,729,369,910,541,433,707,
559: 770,870,987,620,91,
560: 28,989,12,467,745,474,
561: 20,425,914,
562: 659,944,885,526,260,
563: 26,711,
564: 689,984,
565: 566,939,262,448,883,
566: 182,583,211,766,859,692,
567: 317,28,327,705,103,81,479,315,
568: 138,9,
569: 453,863,726,754,
570: 842,239,276,739,713,672,915,982,
571: 550,852,
572: 554,918,930,
573: 495,436,249,591,
574: 228,427,159,1,553,
575: 836,272,992,551,230,
576: 728,592,
577: 631,280,877,934,677,260,
578: 961,861,286,130,
579: 95,69,994,702,487,197,
580: 578,574,498,484,70,375,938,562,480,
581: 455,831,790,870,221,
582: 1,202,310,88,721,
583: 23,473,505,337,399,199,631,
584: 556,150,690,6,273,839,
585: 912,448,31,483,475,
586: 851,240,871,163,
587: 132,308,775,178,
588: 721,31,444,885,23,757,932,7,68,
589: 321,108,931,506,947,374,24,974,
590: 53,233,632,178,899,
591: 742,308,
592: 822,268,25,626,434,696,511,250,
593: 148,230,954,
594: 295,524,147,242,896,748,804,554,
595: 518,697,962,842,24,634,133,834,
596: 94,499,608,
597: 290,975,552,870,643,
598: 878,904,
599: 638,187,580,402,7,135,983,813,
600: 866,1000,308,755,891,967,106,
601: 859,933,
602: 649,863,503,961,573,20,
603: 432,26,734,
604: 356,678,165,463,14,
605: 855,965,887,999,140,24,662,
606: 837,495,849,
607: 404,181,755,62,559,73,975,
608: 438,112,170,442,364,
609: 919,475,483,862,172,432,610,
610: 213,29,155,649,
611: 949,405,
612: 620,586,783,
613: 568,66,975,602,137,616,813,950,
614: 119,55,323,144,706,977,
615: 965,198,118,94,294,
616: 791,734,339,899,
617: 715,475,194,57,739,314,221,910,
618: 512,718,247,30,
619: 986,731,373,632,21,309,408,
620: 454,910,993,480,842,370,578,
621: 844,610,750,
622: 490,149,528,567,555,51,513,
623: 548,136,
624: 579,410,577,993,446,321,463,352,
625: 219,349,422,757,469,
626: 314,106,259,849,
627: 213,548,665,858,147,832,
628: 661,55,317,
629: 718,421,361,
630: 482,895,90,850,333,295,409,
631: 90,850,229,706,225,309,428,625,
632: 687,445,1000,492,771,776,462,386,
633: 246,308,358,
634: 757,935,853,904,764,514,380,968,741,
635: 17,203,608,
636: 618,923,60,662,762,563,600,62,706,
637: 792,92,948,39,723,645,98,
638: 617,429,109,427,274,99,770,459,610,
639: 646,108,672,
640: 195,31,926,787,83,155,218,455,480,
641: 867,216,
642: 279,904,
643: 32,131,162,766,607,981,193,161,
644: 91,828,151,718,481,866,929,
645: 685,982,157,639,420,888,511,
646: 319,301,389,564,
647: 504,278,594,806,2,958,
648: 106,5,568,
649: 732,855,737,77,670,34,221,
650: 506,624,8,474,610,
651: 731,620,92,
652: 984,979,766,737,468,462,274,215,
653: 375,662,498,
654: 662,331,128,770,69,487,780,923,
655: 249,313,
656: 889,657,234,253,
657: 889,143,333,967,724,269,
658: 311,866,973,250,21,
659: 468,666,172,979,882,999,181,936,
660: 575,667,126,980,295,200,236,240,723,
661: 41,96,
662: 731,596,736,697,985,330,294,
663: 341,258,950,5,620,792,129,
664: 183,796,
665: 237,707,630,213,868,714,
666: 648,312,82,
667: 255,379,988,602,632,368,655,
668: 952,848,635,939,469,
669: 537,135,
670: 52,999,441,363,65,746,685,224,
671: 636,714,639,
672: 845,260,554,
673: 861,882,631,87,319,828,718,342,834,
674: 997,411,929,419,
675: 364,34,505,204,992,436,
676: 482,595,777,661,
677: 791,787,39,276,176,99,672,
678: 458,820,885,
679: 113,766,
680: 42,117,567,25,399,896,
681: 793,179,829,269,5,238,246,126,684,
682: 978,361,701,497,65,617,143,
683: 566,210,479,935,
684: 852,494,448,180,78,612,
685: 235,152,37,
686: 588,648,878,720,
687: 998,205,445,971,139,66,
688: 212,236,845,228,
689: 341,493,618,
690: 448,322,
691: 53,260,904,449,346,786,297,
692: 337,515,782,
693: 957,454,
694: 327,56,414,539,205,308,
695: 509,539,661,737,132,97,501,
696: 909,381,
697: 884,698,828,281,623,457,521,808,
698: 88,874,945,320,908,852,
699: 644,854,535,994,197,136,
700: 159,449,339,663,35,789,
701: 602,214,32,419,323,361,743,
702: 190,153,261,87,524,675,160,
703: 570,630,383,998,335,473,
704: 228,724,506,13,644,843,808,565,
705: 826,206,9,485,73,101,646,709,710,
706: 288,345,450,
707: 622,169,869,57,744,
708: 36,639,461,477,923,706,369,252,973,
709: 211,963,816,833,52,
710: 14,649,451,154,
711: 654,366,964,192,120,27,722,
712: 399,477,134,138,38,410,853,283,267,
713: 871,384,799,
714: 829,632,216,140,
715: 493,120,
716: 842,671,
717: 450,715,178,657,308,
718: 805,749,25,166,484,659,
719: 953,928,775,346,
720: 473,337,
721: 625,701,417,77,24,611,608,39,
722: 736,613,856,539,587,696,474,606,964,
723: 393,964,14,882,
724: 566,750,580,711,828,
725: 849,896,274,605,215,780,609,931,883,
726: 672,629,985,989,464,63,623,644,
727: 526,255,312,388,317,
728: 770,734,161,902,100,926,
729: 261,56,708,67,831,412,821,146,
730: 754,423,296,693,36,589,3,
731: 932,455,953,787,986,858,85,
732: 287,255,
733: 832,909,435,924,831,161,379,
734: 516,321,345,667,46,632,383,
735: 18,905,279,
736: 881,796,
737: 246,787,713,
738: 282,95,796,
739: 566,655,511,115,204,784,
740: 834,491,656,
741: 691,341,612,622,979,350,
742: 825,402,579,642,725,246,957,304,734,
743: 145,135,266,673,189,685,
744: 348,457,190,
745: 138,639,651,752,317,
746: 218,6,307,229,638,152,581,686,
747: 636,105,707,563,92,
748: 637,963,747,200,96,340,
749: 738,616,
750: 327,696,
751: 896,978,494,115,
752: 941,675,554,446,
753: 943,311,130,983,763,197,499,408,
754: 188,631,36,248,140,
755: 786,553,294,150,754,408,959,
756: 413,778,58,234,110,
757: 57,724,389,117,768,
758: 952,906,286,937,182,615,
759: 111,450,541,484,809,312,502,679,
760: 823,702,835,686,267,860,
761: 501,390,358,822,845,850,786,165,493,
762: 441,370,947,
763: 101,774,158,472,340,348,928,593,
764: 342,882,857,423,
765: 551,313,264,923,994,751,771,534,124,
766: 331,252,
767: 409,284,670,428,879,801,74,498,378,
768: 465,224,
769: 9,761,144,812,93,
770: 225,826,107,942,
771: 815,326,69,869,
772: 211,352,108,977,94,
773: 336,290,
774: 840,669,108,412,310,899,891,
775: 355,584,349,45,
776: 313,163,729,692,
777: 688,692,406,868,821,511,620,197,975,
778: 524,804,
779: 461,436,
780: 354,45,863,335,4,17,
781: 532,142,51,714,698,712,685,691,
782: 216,986,405,294,541,2,
783: 494,184,604,374,667,936,
784: 106,506,601,368,681,984,832,982,699,
785: 853,284,
786: 440,420,20,141,815,
787: 114,623,454,394,1,624,
788: 953,439,631,705,
789: 955,518,980,731,295,200,
790: 362,312,489,971,700,370,34,
791: 573,193,327,89,
792: 210,919,144,95,928,808,
793: 573,898,652,
794: 629,233,100,126,478,800,111,765,383,
795: 150,766,
796: 595,824,403,620,529,397,925,933,
797: 993,313,480,898,952,511,816,
798: 8,139,896,52,551,812,
799: 173,802,498,570,181,150,382,183,673,
800: 985,320,431,
801: 486,789,
802: 954,211,27,299,
803: 538,622,368,280,
804: 25,71,149,210,44,
805: 389,460,
806: 960,934,366,899,378,884,932,
807: 472,341,401,528,107,
808: 380,298,64,675,
809: 243,187,279,578,755,
810: 760,43,95,239,941,302,413,752,
811: 59,239,
812: 122,241,249,543,143,
813: 673,654,359,
814: 738,445,414,909,20,30,
815: 121,299,718,
816: 981,11,652,814,252,141,482,
817: 921,529,569,390,594,144,65,
818: 860,516,189,203,449,278,893,
819: 437,243,197,
820: 686,229,
821: 488,402,938,238,123,682,843,
822: 92,155,171,543,763,237,538,537,50,
823: 741,43,238,733,867,276,
824: 940,838,652,312,144,396,344,725,14,
825: 73,512,892,908,618,223,343,643,144,
826: 406,435,628,860,727,872,436,339,
827: 997,904,636,173,
828: 335,581,
829: 525,458,352,143,
830: 960,690,303,660,521,844,495,92,
831: 153,903,297,309,509,7,241,
832: 78,636,855,938,891,677,493,554,405,
833: 908,796,973,679,834,273,628,566,526,
834: 881,416,410,943,323,830,662,
835: 939,41,725,
836: 956,415,534,680,266,584,657,
837: 604,47,124,163,
838: 596,338,191,994,846,
839: 542,872,709,210,942,941,990,838,
840: 88,48,407,512,440,76,342,14,150,
841: 561,505,39,853,
842: 322,325,63,418,462,713,609,186,
843: 951,276,30,703,445,619,
844: 689,361,122,307,69,271,767,394,
845: 188,638,863,540,938,658,850,430,640,
846: 231,506,476,237,196,
847: 232,695,100,261,367,90,850,
848: 826,881,37,537,684,
849: 903,832,382,193,449,343,
850: 975,554,
851: 647,395,
852: 904,198,609,32,208,323,862,998,678,
853: 254,659,935,
854: 169,360,27,545,
855: 901,113,386,
856: 4,835,782,811,118,818,596,
857: 656,390,76,595,
858: 164,874,
859: 14,195,949,959,292,960,235,158,
860: 695,627,905,537,
861: 798,110,933,327,266,348,891,293,37,
862: 432,947,
863: 57,557,46,707,158,124,174,268,526,
864: 601,552,151,993,411,66,664,714,387,
865: 257,373,281,265,594,365,
866: 210,76,389,960,871,35,
867: 980,982,541,715,
868: 271,436,382,207,634,967,208,482,
869: 815,656,449,680,381,88,463,221,593,
870: 210,575,237,923,369,55,599,398,
871: 293,678,247,995,977,580,
872: 863,183,402,
873: 535,942,721,806,194,853,
874: 627,308,
875: 715,603,509,89,707,684,667,805,969,
876: 591,734,765,941,
877: 495,963,565,546,268,64,854,787,
878: 90,258,
879: 36,393,653,309,
880: 671,63,810,946,726,409,172,
881: 212,139,
882: 729,429,148,460,839,204,
883: 601,714,452,140,953,687,541,638,
884: 335,413,402,991,705,565,136,862,837,
885: 517,69,
886: 374,746,301,125,333,373,52,680,234,
887: 197,186,
888: 750,78,600,
889: 128,11,944,728,93,40,613,403,
890: 947,100,962,463,976,
891: 584,222,
892: 936,596,262,518,948,49,
893: 804,149,418,
894: 263,322,515,
895: 602,984,114,521,93,
896: 220,648,757,367,900,888,7,
897: 407,644,981,875,
898: 819,199,520,54,532,163,726,490,
899: 55,402,294,848,890,772,24,947,290,
900: 606,778,377,67,939,
901: 841,421,703,
902: 270,900,16,455,35,
903: 92,929,
904: 473,857,
905: 602,922,587,
906: 486,831,116,
907: 957,580,115,24,761,627,499,
908: 616,969,883,
909: 333,878,
910: 15,909,752,209,
911: 548,627,738,
912: 38,959,536,244,889,269,589,407,735,
913: 535,287,658,716,
914: 786,664,68,233,98,86,374,
915: 686,809,412,647,931,
916: 447,369,479,
917: 413,551,
918: 313,307,564,34,638,664,248,210,
919: 321,346,709,958,762,59,564,565,479,
920: 625,628,
921: 491,72,
922: 74,371,778,827,280,309,29,
923: 637,599,835,830,548,305,756,736,534,
924: 91,286,
925: 94,779,
926: 870,1000,692,146,671,177,174,455,
927: 466,680,956,371,422,302,604,342,
928: 413,139,277,365,875,564,528,515,544,
929: 263,894,123,54,574,
930: 379,414,599,125,227,419,978,765,
931: 758,644,
932: 682,344,834,502,524,655,
933: 353,890,90,882,464,23,873,
934: 318,648,719,595,59,553,676,794,
935: 113,547,792,
936: 628,34,974,88,221,528,53,147,46,
937: 993,377,982,468,456,157,541,
938: 167,68,319,95,
939: 949,506,985,662,
940: 790,65,85,664,689,679,
941: 433,36,264,
942: 963,845,867,660,144,393,903,615,270,
943: 795,671,762,146,928,
944: 148,356,465,
945: 866,509,907,827,969,362,
946: 563,389,273,4,491,370,
947: 681,820,867,489,
948: 291,856,245,462,
949: 205,975,863,452,436,801,
950: 276,701,578,299,152,900,860,
951: 416,800,
952: 160,861,364,580,
953: 383,663,16,90,863,
954: 103,179,
955: 952,345,281,703,58,886,8,
956: 217,226,847,632,509,
957: 121,21,702,202,440,94,38,
958: 203,615,
959: 92,568,63,948,479,
960: 442,713,540,48,371,457,
961: 671,482,716,
962: 274,126,
963: 98,388,519,490,973,600,266,395,
964: 687,658,988,
965: 744,639,654,331,849,
966: 162,404,
967: 141,741,926,569,33,400,423,135,430,
968: 103,474,802,377,720,548,366,
969: 993,296,298,223,
970: 228,28,49,965,
971: 13,776,62,
972: 64,658,
973: 417,800,369,493,604,141,
974: 259,967,434,759,437,48,646,
975: 478,57,45,673,
976: 586,746,616,
977: 765,587,79,
978: 91,545,949,957,540,
979: 429,477,980,
980: 490,261,896,595,
981: 570,720,517,317,37,295,
982: 471,406,837,364,903,676,
983: 604,723,244,114,667,
984: 508,173,525,182,963,106,982,
985: 471,105,353,631,81,752,
986: 32,969,805,935,
987: 82,296,446,299,466,135,356,
988: 49,788,691,434,395,
989: 100,594,403,276,671,562,437,733,367,
990: 392,908,545,
991: 351,391,415,358,
992: 593,421,382,639,327,
993: 952,711,
994: 596,629,949,604,
995: 779,601,445,744,200,565,33,
996: 379,58,784,470,622,715,
997: 337,792,628,
998: 708,255,422,736,456,106,546,
999: 626,60,
