500 
1: 310,28,302,159,492,
2: 440,400,
3: 349,61,343,
4: 109,54,40,
5: 127,480,23,140,186,
6: 380,1,105,
7: 314,298,354,
8: 356,17,
9: 362,454,
10: 421,305,
11: 340,226,393,
12: 500,53,256,357,110,
13: 233,219,
14: 42,120,
15: 61,35,432,268,435,
16: 401,175,493,185,144,
17: 297,39,
18: 343,159,458,151,228,
19: 164,185,232,181,
20: 297,403,15,
21: 413,318,
22: 94,345,444,
23: 181,153,443,
24: 101,32,212,267,113,
25: 319,72,254,247,474,
26: 437,385,149,78,17,
27: 217,37,280,158,358,
28: 456,351,6,231,408,
29: 91,212,407,269,328,
30: 29,15,60,
31: 66,471,305,140,
32: 396,165,346,269,
33: 144,54,
34: 328,449,
35: 18,457,
36: 55,28,
37: 315,192,337,
38: 442,165,
39: 24,63,
40: 445,121,
41: 411,490,283,428,
42: 420,295,289,151,438,
43: 21,431,439,360,
44: 32,307,168,109,
45: 285,324,106,488,60,
46: 316,452,125,
47: 344,461,248,356,128,
48: 43,239,143,203,499,
49: 90,409,
50: 211,103,384,144,
51: 422,311,330,
52: 27,283,205,173,
53: 314,56,
54: 463,15,424,235,78,
55: 497,193,
56: 458,297,
57: 149,181,414,
58: 298,144,
59: 427,83,
60: 134,131,
61: 447,268,260,145,456,
62: 438,104,306,475,245,
63: 254,142,
64: 180,21,198,194,
65: 454,406,368,477,180,
66: 237,296,
67: 427,97,147,105,461,
68: 57,258,49,
69: 298,84,
70: 404,230,313,
71: 298,75,14,328,58,
72: 46,467,450,468,369,
73: 324,306,472,
74: 390,343,264,
75: 138,338,55,452,
76: 362,412,207,11,227,
77: 432,218,
78: 167,238,70,
79: 474,192,449,291,
80: 287,79,76,321,489,
81: 307,187,
82: 253,80,113,337,243,
83: 451,443,395,179,336,
84: 147,488,47,179,
85: 157,445,
86: 38,85,458,
87: 438,406,
88: 343,413,492,164,
89: 86,260,
90: 248,493,136,319,274,
91: 213,101,312,
92: 419,402,
93: 248,1,161,265,
94: 35,202,242,108,492,
95: 99,430,
96: 462,396,
97: 90,298,478,170,426,
98: 116,305,383,
99: 391,41,392,
100: 183,200,251,479,342,
101: 256,182,150,43,
102: 134,468,322,
103: 195,104,
104: 379,292,
105: 378,310,
106: 311,357,314,
107: 181,390,221,
108: 154,322,166,181,59,
109: 350,307,178,1,208,
110: 432,14,326,488,400,
111: 70,177,398,193,127,
112: 64,371,21,
113: 384,170,443,
114: 344,367,
115: 150,188,447,
116: 448,361,
117: 324,29,288,188,78,
118: 89,81,28,
119: 117,198,
120: 335,167,
121: 127,109,
122: 62,204,14,225,
123: 367,133,430,237,
124: 461,357,169,385,439,
125: 243,423,334,163,
126: 328,72,438,
127: 413,306,96,319,32,
128: 375,245,454,345,310,
129: 323,234,223,
130: 346,131,353,393,
131: 279,354,
132: 179,211,427,363,
133: 45,429,459,470,71,
134: 480,49,54,163,
135: 244,457,34,
136: 453,304,
137: 412,426,409,
138: 463,116,450,253,
139: 232,189,
140: 105,20,130,29,222,
141: 239,301,309,410,
142: 149,96,386,299,
143: 192,491,377,169,326,
144: 296,77,196,226,
145: 108,298,340,
146: 142,267,439,383,139,
147: 110,190,469,315,250,
148: 346,324,272,437,67,
149: 94,491,101,405,111,
150: 342,244,157,269,92,
151: 149,362,49,
152: 474,496,107,32,
153: 266,68,250,113,437,
154: 436,482,191,
155: 488,65,
156: 373,259,182,102,
157: 291,30,
158: 177,134,
159: 273,266,458,
160: 476,68,
161: 455,401,28,
162: 284,144,
163: 466,464,176,173,145,
164: 433,285,146,143,50,
165: 404,9,
166: 155,55,90,57,68,
167: 214,489,336,
168: 292,231,115,281,
169: 92,394,256,335,
170: 437,167,
171: 25,477,80,225,250,
172: 440,376,114,
173: 306,386,459,131,144,
174: 474,489,84,111,
175: 108,438,141,
176: 411,325,473,
177: 165,187,485,
178: 205,99,484,87,392,
179: 426,286,328,
180: 451,389,131,
181: 76,370,164,232,46,
182: 364,207,299,342,150,
183: 275,375,435,121,
184: 375,224,134,127,312,
185: 364,277,258,252,455,
186: 6,37,208,
187: 234,341,471,396,
188: 354,349,380,480,
189: 268,237,481,277,348,
190: 493,459,145,300,
191: 332,131,105,
192: 129,442,37,111,
193: 336,165,403,235,
194: 397,145,24,201,
195: 424,247,179,115,51,
196: 98,249,314,
197: 90,235,43,
198: 431,261,94,1,
199: 338,481,
200: 5,491,44,
201: 313,427,280,
202: 93,200,67,420,
203: 40,7,412,337,
204: 101,172,269,
205: 486,7,463,
206: 8,306,398,451,346,
207: 143,499,418,220,
208: 387,81,175,245,
209: 18,89,388,237,387,
210: 376,402,243,340,
211: 352,129,215,372,
212: 76,308,358,297,
213: 65,192,455,
214: 103,37,401,276,136,
215: 83,95,41,34,61,
216: 198,428,324,170,
217: 490,159,341,
218: 143,331,19,
219: 88,160,497,107,404,
220: 39,460,
221: 2,201,
222: 151,86,274,
223: 332,365,340,66,
224: 3,444,103,36,299,
225: 294,279,40,
226: 371,212,373,
227: 185,214,62,
228: 484,406,
229: 400,307,190,438,477,
230: 191,139,146,163,
231: 252,141,
232: 351,235,360,
233: 324,308,129,384,
234: 179,38,450,
235: 346,240,
236: 33,51,74,414,220,
237: 98,415,429,
238: 123,142,83,415,
239: 156,411,367,189,
240: 40,218,216,102,430,
241: 138,247,14,
242: 115,305,
243: 179,246,
244: 253,309,498,40,284,
245: 115,338,53,212,436,
246: 380,268,157,94,
247: 424,267,430,148,
248: 487,424,
249: 89,236,103,
250: 225,400,437,334,239,
251: 463,234,
252: 419,444,243,79,458,
253: 166,433,106,249,335,
254: 390,399,8,70,354,
255: 368,169,
256: 39,301,386,469,6,
257: 163,67,
258: 405,321,
259: 108,430,
260: 247,381,
261: 6,224,8,
262: 428,219,81,306,
263: 174,349,315,292,347,
264: 384,393,
265: 247,27,495,167,
266: 455,309,435,142,362,
267: 11,438,265,484,21,
268: 336,135,
269: 100,478,231,79,
270: 96,55,
271: 422,134,
272: 29,489,350,
273: 86,261,230,401,437,
274: 478,448,72,
275: 483,167,
276: 107,372,
277: 68,108,369,181,
278: 240,10,381,481,
279: 463,112,447,249,483,
280: 78,44,115,385,498,
281: 102,444,480,449,189,
282: 459,355,100,37,29,
283: 93,45,364,
284: 193,238,285,15,489,
285: 282,108,
286: 221,157,
287: 329,229,
288: 304,319,112,
289: 88,120,175,
290: 353,51,
291: 328,362,175,358,
292: 263,276,394,412,
293: 250,262,90,
294: 106,157,
295: 126,111,212,
296: 498,473,280,471,
297: 80,474,
298: 276,453,129,279,158,
299: 404,373,327,
300: 335,337,113,
301: 176,139,
302: 391,331,237,180,
303: 479,262,
304: 165,480,121,290,52,
305: 114,49,134,270,324,
306: 57,32,
307: 57,218,342,441,
308: 407,225,76,309,461,
309: 58,207,136,397,
310: 91,432,491,
311: 464,56,
312: 379,324,
313: 404,74,473,
314: 161,113,269,457,
315: 466,99,407,19,86,
316: 436,172,66,302,
317: 22,11,
318: 148,26,289,35,197,
319: 291,384,
320: 279,45,159,
321: 47,342,
322: 91,18,
323: 70,281,356,388,78,
324: 343,497,249,267,154,
325: 294,246,429,283,
326: 98,311,
327: 465,234,
328: 286,123,142,494,203,
329: 446,454,215,393,
330: 280,203,22,
331: 248,260,403,478,365,
332: 462,438,28,333,
333: 108,171,
334: 73,443,411,243,
335: 492,303,424,302,188,
336: 107,498,
337: 170,23,
338: 301,496,293,438,
339: 352,87,104,115,376,
340: 482,447,
341: 117,130,392,418,166,
342: 277,256,365,118,
343: 393,411,
344: 253,312,28,240,187,
345: 213,293,294,220,
346: 167,429,190,
347: 224,220,388,223,481,
348: 105,28,292,116,
349: 174,433,318,293,
350: 107,52,345,95,195,
351: 226,436,
352: 80,473,406,
353: 47,145,196,
354: 281,173,
355: 6,489,
356: 85,310,73,304,
357: 191,209,
358: 113,2,392,34,
359: 323,178,177,191,
360: 145,284,41,177,
361: 288,101,190,
362: 268,316,
363: 52,376,399,314,
364: 252,376,169,
365: 48,438,323,41,
366: 132,73,
367: 234,230,65,497,
368: 122,411,499,
369: 230,88,
370: 95,137,12,
371: 268,434,
372: 455,209,175,406,207,
373: 370,224,
374: 259,238,
375: 493,429,176,91,
376: 45,136,102,88,
377: 229,419,39,
378: 430,92,178,
379: 466,285,56,137,
380: 36,59,460,427,8,
381: 117,164,1,260,
382: 202,103,415,299,413,
383: 420,402,479,287,
384: 316,239,365,359,
385: 16,292,254,302,
386: 498,181,456,
387: 252,248,157,436,
388: 347,321,412,237,
389: 18,46,49,
390: 67,137,49,241,
391: 26,488,329,
392: 91,406,150,324,
393: 220,35,130,
394: 17,344,206,
395: 47,174,217,24,
396: 363,427,153,25,16,
397: 378,413,102,
398: 252,114,152,475,411,
399: 397,92,79,344,
400: 367,223,
401: 88,144,221,
402: 95,98,
403: 295,154,140,309,
404: 326,387,
405: 440,384,337,
406: 477,152,293,273,
407: 379,20,124,224,
408: 8,445,
409: 376,422,149,183,
410: 388,157,135,40,
411: 273,408,158,
412: 436,376,290,351,
413: 185,32,349,343,
414: 217,68,486,168,94,
415: 260,298,242,94,
416: 27,472,376,
417: 28,153,483,
418: 385,333,457,156,
419: 462,332,112,452,142,
420: 81,169,190,
421: 161,351,
422: 213,414,256,34,23,
423: 487,382,87,
424: 20,169,
425: 421,365,380,
426: 358,115,303,277,336,
427: 274,298,183,278,
428: 261,343,387,432,155,
429: 252,296,
430: 500,308,174,335,
431: 388,93,334,173,
432: 478,45,163,482,
433: 424,313,
434: 42,94,
435: 5,376,165,
436: 272,89,332,
437: 108,314,133,250,
438: 367,295,345,
439: 266,11,268,349,367,
440: 152,34,7,248,8,
441: 258,256,141,22,
442: 236,272,
443: 371,460,356,169,115,
444: 203,273,
445: 208,96,459,127,117,
446: 150,266,395,315,
447: 211,107,4,353,
448: 232,426,305,434,130,
449: 310,153,
450: 264,322,
451: 476,387,100,
452: 9,52,430,
453: 8,357,199,
454: 76,32,376,236,
455: 66,207,348,
456: 398,77,279,403,242,
457: 372,435,237,286,
458: 196,363,123,133,
459: 139,381,
460: 416,210,132,
461: 354,317,
462: 119,231,
463: 119,35,269,
464: 120,41,283,
465: 134,263,94,127,48,
466: 63,459,293,429,
467: 343,447,
468: 61,327,117,
469: 463,113,
470: 198,140,482,
471: 89,285,
472: 56,474,374,165,119,
473: 345,46,421,
474: 118,121,386,
475: 421,173,462,140,51,
476: 59,43,
477: 68,418,
478: 303,52,263,
479: 92,96,153,
480: 412,73,22,301,
481: 489,499,
482: 491,175,405,308,389,
483: 433,6,147,
484: 60,236,9,23,
485: 416,283,466,
486: 113,473,477,
487: 213,434,119,118,268,
488: 124,490,93,89,254,
489: 376,483,302,135,174,
490: 403,367,488,
491: 24,423,91,212,
492: 497,217,429,178,
493: 413,439,187,360,
494: 447,153,
495: 145,222,
496: 393,121,266,103,
497: 327,176,
498: 101,191,
499: 71,103,96,378,
