100 
1: 83,42,53,90,
2: 38,53,
3: 5,85,8,45,
4: 16,89,48,100,8,
5: 77,35,56,52,
6: 67,22,
7: 43,55,2,14,12,
8: 96,56,33,
9: 38,13,
10: 27,17,
11: 7,67,
12: 49,60,51,10,
13: 85,100,63,
14: 16,31,24,17,
15: 71,53,87,
16: 24,89,
17: 16,49,54,75,
18: 84,46,36,92,
19: 80,33,
20: 36,12,71,87,68,
21: 55,86,35,
22: 13,96,9,57,95,
23: 70,72,99,45,
24: 67,88,25,23,9,
25: 82,2,24,
26: 34,100,
27: 51,45,64,56,83,
28: 71,53,10,5,
29: 36,27,21,
30: 79,98,
31: 11,34,58,81,2,
32: 71,38,
33: 84,98,15,94,87,
34: 88,20,99,78,
35: 49,58,86,56,
36: 21,53,18,
37: 89,40,
38: 19,54,95,
39: 66,30,97,
40: 76,54,75,
41: 12,58,27,29,52,
42: 13,61,
43: 93,76,26,
44: 28,94,
45: 77,52,73,60,
46: 72,67,
47: 62,7,
48: 66,
49: 62,45,37,41,
50: 18,22,
51: 1,97,99,87,
52: 3,81,
53: 93,44,31,17,29,
54: 78,49,32,
55: 56,74,76,65,93,
56: 47,37,
57: 78,65,64,
58: 68,13,64,27,28,
59: 19,41,80,17,
60: 50,31,
61: 30,55,67,69,
62: 3,97,
63: 7,48,77,85,
64: 85,6,56,66,
65: 6,95,12,43,
66: 76,79,58,75,
67: 16,94,3,68,
68: 14,45,89,39,34,
69: 92,65,9,11,3,
70: 94,51,53,17,58,
71: 63,30,32,19,
72: 44,17,21,
73: 86,91,33,1,4,
74: 93,
75: 35,58,32,90,
76: 3,27,9,84,
77: 59,72,35,18,12,
78: 62,6,
79: 82,60,43,
80: 57,73,
81: 37,23,87,
82: 8,47,63,52,
83: 38,10,
84: 34,69,
85: 9,22,71,27,
86: 98,56,25,
87: 5,9,50,73,64,
88: 10,29,99,64,66,
89: 99,77,45,
90: 56,18,21,71,
91: 70,82,39,34,
92: 100,6,99,
93: 48,35,
94: 2,30,
95: 12,26,29,43,54,
96: 97,71,7,76,73,
97: 95,84,79,
98: 6,88,15,
99: 5,35,84,62,41,
