400 
1: 10,5,2,11,
2: 10,11,4,1,8,6,
3: 12,1,6,4,
4: 7,11,8,1,12,
5: 9,3,12,11,
6: 9,
7: 11,10,4,1,
8: 3,6,11,
9: 10,6,5,1,7,12,
10: 4,2,1,7,8,
11: 6,3,12,8,
12: 1,11,6,7,
13: 14,27,15,29,21,18,
14: 23,13,27,
15: 14,20,13,27,16,29,
16: 26,22,15,20,24,
17: 24,21,27,28,22,
18: 17,26,19,14,15,20,23,
19: 29,18,
20: 15,23,14,27,29,
21: 14,19,15,13,24,
22: 23,24,
23: 14,25,19,21,17,
24: 25,23,20,22,
25: 21,22,29,
26: 21,22,16,18,28,29,27,19,
27: 25,16,13,
28: 17,15,14,
29: 16,17,13,25,20,
30: 43,44,49,46,50,
31: 48,43,47,
32: 33,38,
33: 30,46,41,49,35,
34: 43,31,39,47,45,49,41,
35: 46,48,47,38,
36: 34,33,35,
37: 42,41,30,43,49,47,
38: 45,41,
39: 43,42,35,30,
40: 42,41,45,50,48,
41: 50,30,36,46,
42: 47,
43: 35,40,
44: 43,34,47,
45: 43,30,37,35,41,32,36,
46: 41,32,48,42,30,
47: 49,30,31,45,
48: 33,31,42,35,41,
49: 34,39,32,33,
50: 37,38,34,
51: 53,58,66,69,55,
52: 63,68,55,
53: 51,60,56,
54: 52,66,64,60,61,62,
55: 63,69,
56: 59,57,
57: 53,60,
58: 53,55,52,
59: 56,55,54,
60: 51,65,61,57,56,
61: 58,52,57,69,
62: 55,63,65,
63: 56,60,52,
64: 63,62,
65: 61,59,56,60,54,58,68,
66: 68,56,53,
67: 68,62,
68: 69,58,67,66,52,
69: 61,59,54,
70: 74,75,
71: 83,70,79,76,84,86,73,
72: 77,82,
73: 75,
74: 80,
75: 86,85,
76: 84,71,
77: 72,83,86,76,74,79,82,85,
78: 86,74,80,83,75,82,
79: 72,84,70,
80: 76,73,
81: 84,77,80,79,85,76,
82: 71,70,74,
83: 86,75,71,
84: 78,71,82,72,
85: 80,84,76,71,78,
86: 75,85,
87: 99,88,98,
88: 96,98,90,
89: 98,99,97,93,92,
90: 92,94,
91: 92,87,99,98,97,
92: 97,87,88,96,93,
93: 97,88,
94: 95,99,
95: 98,88,96,
96: 92,99,97,91,88,
97: 94,87,99,98,
98: 88,97,92,95,87,
99: 87,93,88,89,96,
100: 112,109,
101: 109,106,118,117,110,
102: 119,113,109,104,108,116,
103: 110,102,111,
104: 115,100,
105: 110,106,104,107,
106: 115,120,112,111,117,116,
107: 102,119,112,110,116,113,115,
108: 105,110,
109: 118,110,
110: 104,103,102,
111: 115,119,100,107,
112: 114,106,119,105,
113: 100,111,116,108,107,101,
114: 111,116,
115: 112,118,120,
116: 111,106,109,105,120,
117: 105,116,115,100,112,
118: 113,101,112,102,116,111,119,
119: 109,100,118,
120: 104,100,113,117,110,
121: 126,135,131,
122: 135,121,126,123,127,
123: 121,124,128,
124: 133,121,123,122,132,
125: 123,128,132,135,121,
126: 121,130,125,
127: 130,128,121,
128: 131,135,127,123,132,
129: 133,128,125,126,130,124,
130: 134,124,131,121,
131: 123,132,133,125,
132: 129,127,
133: 131,134,132,123,
134: 133,129,121,123,132,122,
135: 133,126,129,124,
136: 148,151,154,
137: 148,153,147,151,152,
138: 137,147,139,142,140,
139: 145,137,140,146,
140: 151,139,136,
141: 140,147,
142: 145,149,140,139,152,144,
143: 146,142,137,140,151,138,
144: 146,149,136,153,138,141,
145: 150,143,144,146,154,139,147,
146: 154,141,144,137,
147: 137,152,148,153,
148: 140,145,
149: 154,141,142,145,152,150,
150: 144,151,
151: 141,152,153,139,149,
152: 138,136,137,140,
153: 147,141,142,148,
154: 147,150,152,
155: 168,163,
156: 155,163,157,
157: 156,166,161,163,162,
158: 169,156,
159: 168,166,158,
160: 162,169,165,156,
161: 157,169,168,
162: 158,167,164,155,
163: 168,159,158,156,160,
164: 167,162,165,156,163,
165: 160,168,159,
166: 155,158,
167: 159,156,165,
168: 165,163,167,159,166,
169: 159,155,160,165,
170: 180,175,177,176,178,187,172,
171: 174,170,
172: 176,181,173,179,184,175,
173: 187,177,182,181,176,172,
174: 177,187,175,185,180,173,186,
175: 187,178,171,
176: 179,187,174,181,
177: 175,180,173,188,170,182,186,179,
178: 176,174,172,173,
179: 173,184,172,
180: 171,170,176,
181: 179,178,170,172,
182: 186,180,
183: 186,184,
184: 181,179,183,
185: 188,170,176,171,186,
186: 171,177,
187: 178,180,172,171,184,175,185,
188: 176,186,
189: 190,196,195,197,
190: 194,189,193,
191: 190,195,197,199,
192: 195,197,190,193,196,
193: 196,191,197,
194: 192,195,
195: 194,190,
196: 189,198,197,190,193,
197: 193,195,192,199,189,
198: 193,190,194,199,196,197,
199: 197,193,198,190,191,
200: 201,202,211,
201: 207,218,
202: 217,200,
203: 213,214,204,
204: 205,200,212,
205: 216,200,219,
206: 212,209,202,
207: 212,211,202,205,206,216,
208: 215,207,213,
209: 203,218,207,213,205,
210: 215,214,209,206,
211: 217,203,206,218,209,200,
212: 215,218,211,216,
213: 219,208,204,218,
214: 203,206,217,211,212,
215: 219,212,213,203,214,207,
216: 214,208,217,
217: 219,208,
218: 210,205,201,206,
219: 202,201,214,212,206,203,
220: 223,222,221,226,
221: 220,238,236,233,
222: 235,223,229,236,221,
223: 236,232,230,239,224,
224: 236,235,239,225,226,230,232,
225: 230,234,227,232,240,231,
226: 234,240,239,227,
227: 240,228,221,238,234,229,222,220,
228: 233,229,240,231,236,224,220,
229: 238,226,236,228,230,227,232,
230: 229,233,227,
231: 227,225,238,220,226,222,
232: 228,221,220,226,224,227,238,
233: 227,240,232,221,237,238,223,222,
234: 221,228,220,
235: 229,232,233,231,221,
236: 227,222,238,223,240,230,
237: 220,226,239,234,240,236,
238: 227,240,223,226,228,
239: 228,223,240,
240: 221,234,229,
241: 249,242,247,246,243,253,
242: 254,251,249,
243: 248,253,
244: 241,249,
245: 255,252,244,250,241,
246: 252,244,247,
247: 249,254,
248: 241,244,253,
249: 250,251,
250: 254,245,253,251,243,248,246,249,
251: 247,254,246,243,255,
252: 245,244,255,
253: 255,243,244,242,
254: 242,250,251,255,247,252,246,
255: 244,245,250,248,
256: 265,259,263,262,260,264,
257: 260,262,
258: 259,262,
259: 267,260,264,
260: 264,267,258,265,
261: 258,259,256,262,
262: 265,260,266,257,
263: 257,267,
264: 258,256,259,265,267,261,262,
265: 259,267,256,258,
266: 265,262,
267: 264,263,260,
268: 267,258,259,262,261,257,
269: 277,270,275,280,278,
270: 272,273,281,
271: 280,270,282,273,
272: 279,
273: 280,270,269,
274: 279,272,270,269,282,
275: 280,282,276,279,281,277,
276: 269,273,281,274,
277: 270,275,
278: 279,276,282,
279: 278,
280: 278,274,269,281,
281: 282,271,277,
282: 280,270,269,276,278,271,
283: 301,286,287,293,295,294,
284: 294,297,298,296,289,302,285,
285: 297,
286: 292,290,293,294,288,
287: 290,301,283,
288: 287,297,301,283,291,
289: 296,285,301,295,302,
290: 291,286,302,
291: 297,285,295,301,289,
292: 298,302,286,295,301,
293: 288,298,
294: 297,283,292,
295: 300,291,288,287,
296: 302,291,294,285,293,
297: 296,288,298,283,287,
298: 290,302,296,288,297,301,
299: 287,301,293,283,296,
300: 289,294,287,290,298,292,
301: 294,293,302,289,299,295,286,
302: 286,289,297,290,285,
303: 313,305,306,312,
304: 303,310,313,309,312,308,
305: 304,310,309,
306: 311,310,313,312,
307: 305,308,313,
308: 310,312,304,311,313,
309: 306,307,304,
310: 307,308,
311: 305,313,306,312,309,
312: 306,303,313,304,
313: 307,304,308,309,306,
314: 316,332,324,318,315,319,
315: 333,323,319,326,
316: 323,333,322,327,
317: 331,327,
318: 333,320,330,
319: 317,326,325,323,327,315,
320: 323,315,317,316,325,
321: 327,314,319,324,328,
322: 317,321,319,315,
323: 329,315,333,330,318,332,326,
324: 329,317,320,330,
325: 333,319,328,322,
326: 318,329,330,
327: 321,330,320,333,331,
328: 320,
329: 323,327,320,331,332,
330: 321,328,
331: 314,329,319,325,
332: 315,322,319,327,
333: 332,325,320,321,318,323,324,
334: 343,354,349,337,342,
335: 336,342,337,343,
336: 335,347,343,338,334,
337: 341,340,350,336,339,
338: 354,345,340,
339: 346,342,
340: 335,352,350,
341: 338,334,344,
342: 335,336,341,
343: 334,339,335,342,
344: 345,343,349,337,351,346,338,
345: 349,354,
346: 341,348,
347: 338,342,339,
348: 334,354,342,344,351,
349: 344,351,336,347,
350: 353,334,
351: 342,346,341,
352: 345,334,347,339,336,351,
353: 354,352,340,335,334,
354: 350,342,348,349,
355: 364,357,373,359,
356: 366,360,372,370,361,358,374,
357: 365,359,363,360,361,362,358,
358: 361,371,
359: 368,355,366,363,358,361,
360: 367,355,
361: 368,364,362,357,356,
362: 371,367,
363: 358,361,360,355,371,
364: 361,372,363,357,362,367,370,
365: 361,355,372,366,373,371,
366: 369,371,357,368,365,360,
367: 364,363,371,370,373,
368: 361,370,374,364,
369: 371,373,
370: 363,355,359,357,
371: 373,370,363,356,
372: 359,363,370,
373: 359,361,
374: 366,365,364,
375: 387,378,
376: 384,375,
377: 383,382,390,
378: 379,385,380,386,375,
379: 388,381,383,389,386,376,
380: 385,387,376,382,375,381,
381: 379,384,383,388,
382: 378,391,379,
383: 375,377,391,376,
384: 389,386,383,378,391,385,
385: 380,387,376,391,386,
386: 387,390,380,376,379,
387: 382,389,376,383,379,380,
388: 385,383,381,
389: 379,391,375,376,385,
390: 389,380,391,385,383,377,
391: 381,380,
392: 394,393,395,
393: 396,392,397,398,
394: 395,392,398,400,397,393,
395: 394,392,400,399,393,
396: 400,397,399,394,
397: 393,396,
398: 393,394,399,
399: 392,393,398,395,397,
400: 398,
