800 
1: 183,488,
2: 536,648,63,779,
3: 555,673,596,74,
4: 308,581,
5: 476,340,598,
6: 390,399,256,349,
7: 768,718,503,
8: 454,16,124,
9: 288,719,63,607,
10: 123,372,43,
11: 607,479,89,28,
12: 759,165,646,727,503,
13: 393,300,
14: 318,323,
15: 449,298,631,
16: 752,578,632,667,
17: 280,388,458,
18: 765,778,
19: 678,546,403,
20: 429,537,553,741,54,
21: 758,670,800,
22: 195,598,
23: 300,65,30,2,
24: 287,68,645,45,460,
25: 439,505,163,
26: 570,96,504,200,604,
27: 29,780,681,734,721,
28: 459,462,
29: 741,383,
30: 141,582,501,20,
31: 282,260,345,524,
32: 359,46,
33: 670,408,673,
34: 140,680,776,
35: 376,749,164,425,215,
36: 556,340,728,
37: 175,206,142,784,
38: 247,551,11,
39: 366,163,175,
40: 625,624,570,
41: 384,4,103,189,448,
42: 324,261,347,
43: 673,715,
44: 212,388,571,216,
45: 346,40,800,644,
46: 346,691,
47: 383,307,409,
48: 206,445,650,228,
49: 146,692,534,
50: 455,668,418,
51: 213,59,
52: 728,165,554,
53: 22,312,153,269,564,
54: 312,110,387,767,569,
55: 194,458,140,541,
56: 121,650,781,188,509,
57: 234,185,31,701,136,
58: 577,518,105,776,179,
59: 727,466,
60: 161,548,509,516,85,
61: 314,67,
62: 770,615,
63: 197,431,550,350,
64: 484,201,540,621,
65: 265,196,210,
66: 149,368,456,598,
67: 733,786,725,307,
68: 754,131,698,700,269,
69: 635,110,
70: 464,40,443,281,
71: 630,97,304,
72: 110,512,209,
73: 640,161,551,
74: 152,509,303,
75: 713,11,788,104,
76: 553,658,578,
77: 325,252,
78: 359,105,249,539,324,
79: 105,760,609,
80: 358,77,782,347,710,
81: 135,391,412,187,33,
82: 766,447,448,542,545,
83: 38,543,640,735,39,
84: 764,705,184,466,
85: 144,261,536,
86: 515,129,
87: 744,697,568,
88: 253,439,577,
89: 692,700,
90: 336,413,643,583,559,
91: 501,75,
92: 5,360,693,582,624,
93: 320,731,679,799,95,
94: 625,628,
95: 653,470,318,
96: 506,348,19,534,305,
97: 242,371,
98: 12,153,665,227,
99: 324,575,402,709,
100: 500,201,537,
101: 43,708,519,
102: 84,561,
103: 133,102,765,663,
104: 217,791,267,
105: 752,291,125,289,
106: 446,792,746,763,
107: 96,102,582,
108: 147,668,778,360,715,
109: 326,208,129,
110: 20,453,235,319,731,
111: 710,434,129,80,271,
112: 542,686,554,493,299,
113: 550,502,281,
114: 632,355,
115: 153,164,778,651,767,
116: 544,313,
117: 60,412,
118: 223,798,746,203,
119: 262,9,542,40,499,
120: 758,107,
121: 133,499,309,204,449,
122: 747,499,256,327,784,
123: 29,281,600,45,355,
124: 42,471,323,720,336,
125: 177,438,702,
126: 156,733,477,
127: 168,534,
128: 659,522,379,
129: 319,63,
130: 25,584,
131: 633,201,67,616,
132: 552,660,400,310,332,
133: 332,75,166,567,
134: 710,523,607,531,39,
135: 177,465,619,800,
136: 603,82,620,774,
137: 412,432,
138: 286,562,335,
139: 774,353,651,278,111,
140: 403,698,
141: 787,744,
142: 26,586,333,202,
143: 737,428,696,
144: 490,319,663,256,134,
145: 428,27,
146: 274,15,24,
147: 256,395,12,252,569,
148: 659,203,426,462,
149: 515,786,129,
150: 577,744,558,698,137,
151: 768,179,283,112,
152: 177,613,293,
153: 635,626,800,731,120,
154: 684,245,746,47,515,
155: 12,405,128,
156: 292,79,105,
157: 485,658,
158: 614,197,480,48,248,
159: 150,124,
160: 258,289,
161: 519,70,368,
162: 342,44,
163: 487,551,
164: 230,173,
165: 653,208,
166: 256,221,459,
167: 651,650,
168: 150,576,475,
169: 299,417,
170: 4,49,
171: 12,497,553,745,
172: 784,299,785,
173: 216,108,
174: 472,71,457,740,86,
175: 146,597,
176: 7,54,
177: 87,251,454,
178: 237,576,
179: 9,189,
180: 188,402,602,
181: 419,298,
182: 751,369,
183: 153,440,
184: 640,68,183,
185: 422,543,497,131,
186: 157,247,578,579,
187: 728,635,39,428,
188: 780,181,
189: 438,675,501,686,657,
190: 631,37,552,
191: 472,634,596,
192: 580,598,
193: 754,85,609,319,434,
194: 217,48,
195: 177,559,706,236,
196: 254,185,
197: 311,457,32,733,
198: 431,122,783,
199: 717,16,28,497,
200: 8,374,295,
201: 310,329,376,770,
202: 161,174,216,
203: 467,185,730,705,
204: 755,575,
205: 141,414,268,
206: 592,330,146,
207: 376,115,4,476,
208: 70,83,2,349,
209: 423,337,
210: 96,797,767,
211: 354,280,19,311,302,
212: 248,18,
213: 239,724,354,76,667,
214: 167,76,417,
215: 720,214,488,
216: 354,577,349,
217: 193,779,432,313,638,
218: 491,81,
219: 203,527,521,
220: 514,236,37,
221: 665,189,
222: 413,322,
223: 523,622,730,492,
224: 170,308,599,420,
225: 724,774,
226: 428,566,
227: 481,143,111,785,152,
228: 460,760,104,39,
229: 716,257,
230: 440,79,
231: 369,631,
232: 739,362,31,746,729,
233: 62,147,343,270,746,
234: 231,737,94,799,40,
235: 769,167,65,482,647,
236: 562,16,497,
237: 775,269,
238: 76,6,535,199,
239: 39,601,174,107,
240: 346,403,652,37,
241: 699,461,
242: 598,6,107,565,
243: 400,33,314,532,755,
244: 763,696,
245: 434,240,228,113,104,
246: 401,488,
247: 104,515,310,189,
248: 403,202,142,
249: 87,509,
250: 326,463,179,495,
251: 239,609,
252: 559,292,
253: 245,614,
254: 415,220,28,
255: 655,107,490,
256: 55,327,606,635,
257: 600,459,709,779,456,
258: 713,311,217,767,53,
259: 67,455,
260: 335,522,524,
261: 118,120,
262: 577,679,540,653,700,
263: 382,449,
264: 241,29,523,118,629,
265: 277,767,766,
266: 3,122,
267: 321,229,113,
268: 261,774,275,
269: 81,258,289,470,103,
270: 565,36,727,12,143,
271: 115,736,
272: 157,462,122,
273: 44,438,
274: 403,506,778,335,
275: 518,570,
276: 361,496,730,
277: 300,477,2,
278: 26,503,133,421,66,
279: 172,111,334,
280: 303,429,433,198,591,
281: 722,736,306,616,
282: 127,540,
283: 546,571,647,345,437,
284: 63,97,
285: 729,669,496,769,
286: 93,283,509,731,
287: 146,117,111,309,201,
288: 518,142,
289: 693,240,1,146,84,
290: 781,224,177,
291: 788,175,
292: 684,50,335,
293: 172,122,
294: 414,217,175,
295: 454,460,732,385,791,
296: 530,440,495,93,604,
297: 338,159,287,513,19,
298: 435,209,642,
299: 696,168,
300: 142,439,190,774,
301: 183,291,151,1,
302: 463,772,386,
303: 183,343,
304: 480,124,432,289,
305: 349,17,683,
306: 364,708,89,196,
307: 268,449,424,764,615,
308: 681,727,
309: 177,126,
310: 777,128,158,342,
311: 638,450,352,2,455,
312: 570,348,14,
313: 292,376,667,265,758,
314: 364,641,40,279,412,
315: 365,140,448,
316: 224,440,14,432,
317: 384,345,
318: 660,317,279,264,
319: 203,771,794,61,304,
320: 668,210,391,433,630,
321: 233,621,477,234,248,
322: 114,587,327,144,
323: 576,776,736,689,
324: 243,276,532,164,
325: 750,44,123,354,328,
326: 248,16,436,730,
327: 625,446,
328: 273,372,
329: 362,189,649,
330: 493,468,
331: 248,5,316,442,161,
332: 442,160,625,174,225,
333: 763,25,
334: 337,58,675,358,
335: 306,75,102,532,372,
336: 601,722,544,
337: 215,358,485,135,
338: 293,132,433,575,143,
339: 179,628,33,253,
340: 432,733,
341: 291,81,276,525,733,
342: 686,106,408,548,
343: 374,776,686,772,
344: 171,147,456,288,
345: 378,208,694,
346: 248,406,561,
347: 202,9,
348: 784,542,
349: 690,210,651,692,307,
350: 386,745,721,
351: 60,411,172,613,
352: 631,377,79,44,
353: 798,181,721,532,
354: 670,637,425,
355: 732,81,735,519,61,
356: 58,276,138,
357: 95,179,736,549,
358: 462,584,281,
359: 435,629,411,346,
360: 794,418,368,190,517,
361: 624,731,60,717,130,
362: 339,538,790,16,70,
363: 397,225,
364: 270,423,341,138,652,
365: 497,367,138,75,656,
366: 657,285,288,
367: 703,627,777,
368: 279,627,590,551,
369: 602,396,736,276,742,
370: 406,378,
371: 324,349,239,405,601,
372: 253,543,1,625,608,
373: 36,244,
374: 422,114,712,755,
375: 488,781,433,90,203,
376: 197,637,210,
377: 13,297,736,
378: 293,509,526,401,
379: 73,200,683,436,
380: 782,611,374,316,
381: 188,421,592,737,122,
382: 75,754,249,317,
383: 412,9,
384: 525,749,650,
385: 373,692,
386: 704,383,264,
387: 400,433,705,136,100,
388: 740,276,
389: 675,381,1,690,193,
390: 33,191,219,
391: 392,153,770,749,
392: 573,337,175,597,88,
393: 645,576,
394: 363,675,726,
395: 355,373,676,313,
396: 640,54,796,464,743,
397: 336,776,617,603,730,
398: 455,431,
399: 133,483,289,101,
400: 325,131,
401: 185,791,129,247,
402: 400,63,644,377,590,
403: 796,651,
404: 363,53,516,
405: 116,530,593,
406: 360,372,774,468,698,
407: 422,649,784,739,753,
408: 62,612,778,
409: 27,149,35,
410: 285,406,359,
411: 598,495,356,422,298,
412: 276,19,779,457,774,
413: 307,138,46,792,
414: 139,261,517,
415: 207,318,246,714,
416: 295,411,438,750,
417: 210,73,
418: 731,676,46,
419: 311,14,140,42,
420: 734,800,683,
421: 499,29,47,331,135,
422: 378,46,777,
423: 120,409,226,
424: 41,113,506,250,
425: 61,275,630,686,49,
426: 478,251,536,254,630,
427: 445,289,451,
428: 246,619,166,684,366,
429: 213,50,
430: 293,599,618,
431: 581,475,753,
432: 149,309,491,468,
433: 599,799,401,
434: 360,447,749,612,
435: 383,218,53,
436: 582,562,642,
437: 514,472,102,647,
438: 397,440,545,111,
439: 432,416,
440: 373,195,330,635,186,
441: 299,
442: 320,628,
443: 300,713,400,
444: 781,17,
445: 620,461,
446: 593,112,121,791,224,
447: 526,7,650,428,71,
448: 618,307,487,221,
449: 67,256,250,583,113,
450: 396,25,455,
451: 421,638,
452: 768,213,714,
453: 380,652,79,292,
454: 392,791,608,678,
455: 427,685,297,594,
456: 460,21,338,
457: 742,512,96,
458: 58,485,361,380,773,
459: 197,318,781,231,
460: 601,554,88,237,
461: 17,240,709,
462: 223,242,
463: 153,446,342,
464: 743,663,490,
465: 317,116,563,211,619,
466: 657,247,634,414,
467: 347,474,
468: 539,141,
469: 753,731,391,298,432,
470: 522,236,
471: 417,602,517,165,
472: 438,546,
473: 659,530,
474: 214,137,243,373,
475: 437,134,694,435,
476: 637,660,178,458,519,
477: 790,76,203,
478: 327,281,
479: 607,708,305,397,200,
480: 266,281,
481: 201,441,
482: 114,626,297,142,753,
483: 520,112,149,521,322,
484: 153,549,260,532,215,
485: 738,271,571,200,
486: 401,499,128,668,
487: 611,287,323,378,150,
488: 609,358,238,713,571,
489: 380,457,6,
490: 299,719,650,570,535,
491: 162,471,347,678,95,
492: 200,465,12,782,
493: 779,685,237,643,
494: 416,356,
495: 326,166,273,751,
496: 347,35,214,9,384,
497: 387,378,
498: 559,612,496,84,626,
499: 250,447,420,185,
500: 377,475,415,
501: 555,570,610,203,589,
502: 721,695,
503: 195,220,40,
504: 138,416,
505: 208,105,314,
506: 374,695,
507: 558,632,
508: 639,661,717,727,
509: 723,262,765,
510: 235,596,399,
511: 140,678,580,
512: 543,208,381,721,
513: 264,154,
514: 573,74,121,
515: 449,508,204,167,
516: 139,662,786,217,
517: 162,688,474,
518: 63,19,603,
519: 92,44,481,
520: 668,602,320,485,
521: 477,455,181,
522: 296,393,46,
523: 340,104,793,107,241,
524: 601,59,759,588,
525: 459,251,
526: 196,797,414,
527: 341,316,735,51,716,
528: 209,366,121,613,
529: 728,595,
530: 747,686,697,202,
531: 218,442,
532: 665,437,593,70,
533: 598,135,
534: 187,796,284,16,
535: 468,352,479,258,
536: 732,600,7,98,
537: 330,400,707,
538: 360,269,478,763,604,
539: 169,192,
540: 173,266,659,302,521,
541: 269,588,
542: 247,518,308,52,
543: 448,23,493,221,
544: 252,358,
545: 484,472,
546: 414,95,684,
547: 765,35,
548: 607,104,76,357,
549: 727,555,133,
550: 305,2,548,298,251,
551: 632,348,475,536,
552: 403,455,
553: 46,195,687,363,
554: 649,36,94,668,284,
555: 501,182,546,226,
556: 174,288,118,759,387,
557: 735,768,
558: 568,496,335,
559: 57,63,202,
560: 641,5,2,46,318,
561: 469,220,232,464,83,
562: 567,466,
563: 668,495,314,425,260,
564: 740,482,
565: 518,530,
566: 704,445,180,166,
567: 785,435,488,72,482,
568: 268,272,520,131,
569: 278,43,
570: 442,130,82,
571: 29,317,
572: 126,599,524,232,115,
573: 490,483,572,461,
574: 568,686,195,388,153,
575: 487,588,
576: 271,476,109,260,
577: 724,692,
578: 653,342,800,4,545,
579: 635,5,263,715,
580: 334,329,451,
581: 153,362,
582: 276,550,
583: 650,451,337,
584: 271,462,707,
585: 590,231,101,196,601,
586: 47,162,710,655,286,
587: 244,624,388,401,620,
588: 345,58,482,
589: 783,289,378,
590: 195,453,679,524,15,
591: 590,367,285,
592: 138,760,790,595,41,
593: 569,539,788,21,327,
594: 75,732,602,
595: 719,164,598,351,793,
596: 312,278,103,349,
597: 156,695,638,
598: 595,524,20,94,522,
599: 759,473,707,
600: 598,604,319,
601: 79,322,
602: 767,43,768,
603: 492,148,
604: 721,148,
605: 26,617,
606: 746,126,
607: 164,427,747,90,249,
608: 130,174,582,487,710,
609: 736,105,308,15,343,
610: 305,460,
611: 768,219,522,689,
612: 737,421,372,775,238,
613: 277,113,769,759,718,
614: 120,241,322,220,203,
615: 253,189,
616: 154,90,412,
617: 515,735,716,338,
618: 227,450,388,327,144,
619: 79,37,99,346,
620: 245,657,416,384,
621: 739,649,13,381,
622: 768,135,222,205,590,
623: 789,646,
624: 412,356,718,34,
625: 576,165,609,229,
626: 244,410,758,489,
627: 505,765,398,143,193,
628: 166,304,581,
629: 206,724,160,
630: 407,114,626,
631: 141,501,312,
632: 357,695,583,82,
633: 777,260,542,229,560,
634: 115,656,650,250,507,
635: 335,672,
636: 575,146,168,391,
637: 421,564,25,196,
638: 696,699,683,298,
639: 380,640,745,
640: 479,703,149,
641: 775,409,759,422,590,
642: 640,198,501,676,779,
643: 54,375,
644: 38,213,
645: 136,54,
646: 645,131,7,583,
647: 725,778,476,650,792,
648: 28,319,475,634,
649: 181,712,554,729,
650: 196,486,227,190,
651: 443,276,236,
652: 582,351,
653: 516,586,341,57,
654: 782,635,186,
655: 145,630,563,
656: 683,611,111,
657: 257,547,413,385,
658: 723,100,
659: 39,90,
660: 446,123,156,
661: 498,298,236,286,
662: 524,190,
663: 617,456,346,
664: 502,747,524,638,
665: 638,760,633,
666: 679,106,
667: 308,223,
668: 762,176,107,
669: 627,369,601,495,
670: 277,377,330,794,350,
671: 330,572,
672: 239,654,56,
673: 694,666,793,
674: 355,652,318,331,598,
675: 353,310,169,
676: 357,101,237,706,
677: 224,521,418,
678: 545,204,
679: 24,476,
680: 239,16,
681: 155,687,594,20,45,
682: 25,259,321,
683: 110,148,8,595,
684: 435,122,266,380,
685: 652,702,374,96,
686: 19,44,755,
687: 250,694,708,763,631,
688: 87,352,260,
689: 467,365,725,720,29,
690: 6,477,19,234,
691: 766,386,
692: 84,65,581,
693: 354,235,762,89,
694: 700,130,
695: 30,721,629,314,274,
696: 256,211,522,
697: 60,357,701,360,684,
698: 421,378,275,673,
699: 550,271,450,
700: 253,630,107,629,
701: 683,420,792,471,
702: 527,247,498,605,217,
703: 716,410,
704: 232,153,474,770,
705: 771,727,213,523,682,
706: 209,652,69,
707: 234,717,
708: 275,778,508,
709: 770,579,775,
710: 125,35,11,
711: 297,5,507,
712: 400,483,
713: 222,257,41,52,
714: 773,38,622,615,
715: 284,584,594,
716: 694,28,485,663,
717: 343,742,
718: 307,225,266,
719: 240,42,
720: 771,716,51,46,7,
721: 534,762,
722: 579,179,
723: 520,131,217,348,
724: 301,237,373,
725: 726,57,18,408,143,
726: 112,12,628,330,624,
727: 770,104,215,59,
728: 454,528,96,
729: 753,428,
730: 100,756,746,40,562,
731: 273,549,542,35,
732: 506,634,793,
733: 713,51,333,541,109,
734: 155,382,179,276,
735: 755,81,
736: 794,150,487,579,
737: 446,625,649,624,444,
738: 21,488,705,144,
739: 355,93,392,562,
740: 98,109,65,
741: 423,545,563,349,457,
742: 316,483,
743: 94,707,
744: 350,156,
745: 459,475,
746: 639,668,
747: 365,462,487,13,92,
748: 273,69,697,435,398,
749: 122,360,460,
750: 65,743,511,14,
751: 137,778,12,
752: 703,487,178,
753: 447,147,
754: 134,383,409,381,
755: 608,633,136,
756: 66,213,45,722,117,
757: 249,775,207,35,
758: 320,474,
759: 398,426,
760: 727,708,156,602,33,
761: 718,688,364,49,535,
762: 533,17,583,272,
763: 498,445,671,565,
764: 57,35,720,371,
765: 207,167,405,397,
766: 309,408,
767: 347,497,281,3,
768: 334,645,157,26,
769: 304,739,707,73,
770: 714,696,451,690,7,
771: 119,162,
772: 139,26,402,284,709,
773: 645,625,
774: 373,348,
775: 552,440,378,343,506,
776: 86,319,
777: 534,604,186,756,
778: 673,255,101,221,
779: 172,509,269,
780: 469,715,519,342,
781: 479,465,170,772,
782: 82,360,41,171,209,
783: 230,780,188,
784: 50,636,676,
785: 229,208,69,675,
786: 729,3,
787: 668,725,783,193,483,
788: 394,792,793,666,289,
789: 214,512,246,167,606,
790: 703,22,215,
791: 711,369,155,678,
792: 669,361,596,31,
793: 469,583,377,
794: 416,546,
795: 674,770,616,162,324,
796: 596,442,362,720,484,
797: 749,262,125,347,263,
798: 140,452,
799: 96,583,655,709,
