200 
1: 12,2,15,
2: 9,5,6,1,
3: 8,13,15,11,
4: 6,11,
5: 14,9,
6: 3,12,1,13,
7: 8,13,9,
8: 3,4,
9: 10,8,
10: 8,1,6,
11: 10,6,1,9,15,
12: 9,6,1,
13: 8,5,11,
14: 13,7,
15: 12,14,6,1,8,
16: 24,32,27,28,
17: 29,21,22,16,18,
18: 16,26,19,28,
19: 28,21,25,
20: 29,30,31,
21: 18,29,22,19,
22: 29,23,18,
23: 19,31,20,18,
24: 17,25,18,
25: 16,27,20,
26: 30,20,29,31,28,
27: 26,17,20,
28: 21,
29: 20,16,32,
30: 26,23,
31: 16,29,21,25,22,
32: 27,17,26,
33: 35,34,50,
34: 40,46,45,48,
35: 50,40,
36: 47,37,43,34,
37: 41,40,
38: 33,40,43,
39: 36,47,49,
40: 47,33,45,
41: 49,48,43,36,34,
42: 39,50,48,
43: 46,
44: 48,34,
45: 49,42,33,
46: 39,42,
47: 48,34,
48: 42,41,46,34,
49: 39,50,47,35,
50: 43,45,38,
51: 66,67,
52: 68,51,
53: 59,60,62,64,57,
54: 53,63,55,60,59,
55: 53,66,
56: 60,62,
57: 66,60,61,
58: 63,56,64,
59: 55,63,
60: 59,53,
61: 53,52,58,
62: 55,56,
63: 68,64,54,
64: 60,62,51,
65: 58,68,61,55,
66: 51,64,65,
67: 63,57,
68: 67,61,65,58,56,
69: 81,76,
70: 72,
71: 81,77,70,76,
72: 78,81,71,
73: 71,75,
74: 69,72,71,
75: 70,74,
76: 75,79,73,71,80,
77: 75,72,
78: 81,80,
79: 78,75,74,
80: 77,75,70,72,
81: 69,74,73,
82: 94,88,93,95,96,
83: 90,89,91,
84: 82,95,91,90,96,
85: 92,84,
86: 84,92,87,94,
87: 95,85,83,
88: 96,
89: 84,86,92,85,87,
90: 89,92,87,83,93,
91: 94,88,90,
92: 91,96,
93: 94,95,86,85,
94: 93,
95: 83,90,96,
96: 94,84,89,
97: 113,100,
98: 106,
99: 102,112,
100: 103,99,107,117,
101: 110,109,
102: 114,99,110,
103: 116,104,
104: 107,117,112,102,
105: 98,102,100,
106: 98,
107: 106,111,117,104,
108: 112,110,116,
109: 111,110,100,
110: 112,115,116,
111: 117,109,104,100,
112: 98,107,116,
113: 100,
114: 113,116,106,
115: 108,
116: 106,108,
117: 110,102,
118: 132,126,124,121,
119: 132,123,122,
120: 130,132,123,
121: 127,125,120,129,
122: 127,131,121,
123: 127,124,
124: 120,122,132,130,121,
125: 124,118,
126: 131,119,
127: 123,118,121,126,
128: 126,132,129,125,
129: 122,124,
130: 121,123,119,118,
131: 128,118,130,121,
132: 128,120,
133: 135,138,145,134,
134: 135,
135: 136,
136: 134,139,
137: 138,
138: 146,142,135,
139: 141,140,133,
140: 134,139,133,
141: 134,136,139,138,
142: 144,138,
143: 144,137,140,
144: 137,145,
145: 146,142,
146: 135,137,141,139,
147: 149,155,153,158,154,
148: 154,160,152,
149: 159,158,
150: 148,158,
151: 162,157,154,147,163,
152: 147,159,163,150,
153: 150,
154: 162,163,152,155,
155: 150,157,161,
156: 157,161,
157: 147,151,149,
158: 159,148,147,151,150,
159: 160,162,150,
160: 153,157,161,151,154,
161: 152,155,163,157,
162: 158,157,152,
163: 158,156,148,153,152,
164: 183,172,177,
165: 179,178,182,
166: 171,165,
167: 173,168,
168: 183,171,174,182,
169: 175,167,174,
170: 171,182,
171: 172,167,168,176,
172: 180,170,
173: 164,167,177,
174: 170,175,
175: 164,177,166,174,
176: 164,183,168,
177: 176,165,178,173,
178: 172,167,
179: 165,175,170,
180: 169,183,166,
181: 164,
182: 179,172,
183: 171,165,
184: 187,192,190,189,
185: 186,188,
186: 189,198,
187: 185,199,193,
188: 195,191,192,194,
189: 192,194,198,193,195,
190: 194,200,195,191,
191: 187,190,
192: 184,193,
193: 196,187,184,194,
194: 192,191,
195: 186,189,199,196,
196: 191,190,186,
197: 184,188,194,
198: 196,190,
199: 197,192,185,189,
200: 190,189,192,
