900 
1: 221,174,261,
2: 544,525,815,
3: 673,729,463,476,393,
4: 716,238,
5: 385,642,440,
6: 561,804,722,177,
7: 306,380,468,886,
8: 488,849,543,305,
9: 128,225,838,794,
10: 522,608,
11: 759,806,28,158,425,
12: 896,673,545,109,371,
13: 859,695,144,401,
14: 236,451,259,432,19,
15: 811,210,220,
16: 136,387,894,192,
17: 178,354,86,147,171,
18: 811,488,
19: 699,796,508,632,
20: 436,688,343,173,
21: 463,334,67,
22: 606,377,477,237,288,
23: 601,780,289,111,769,
24: 230,546,
25: 84,684,136,
26: 251,207,128,
27: 593,537,762,340,
28: 356,460,864,444,
29: 736,354,795,
30: 15,753,107,642,
31: 597,412,861,287,
32: 73,688,774,622,
33: 265,670,36,364,
34: 511,678,430,561,409,
35: 93,345,599,586,397,
36: 394,387,271,600,
37: 437,823,526,
38: 732,467,
39: 106,583,831,
40: 846,838,1,
41: 51,82,161,694,
42: 609,237,
43: 306,110,415,117,
44: 702,454,
45: 874,699,169,582,
46: 198,470,
47: 710,753,244,697,77,
48: 873,403,828,
49: 261,46,88,415,164,
50: 161,874,49,
51: 57,633,400,358,
52: 314,248,327,
53: 249,550,529,727,
54: 893,167,727,456,
55: 165,61,181,344,
56: 276,565,614,
57: 524,642,234,425,
58: 880,130,148,
59: 102,37,859,701,458,
60: 699,304,193,786,
61: 310,770,
62: 243,285,415,
63: 449,86,189,
64: 410,298,
65: 416,422,343,490,
66: 866,847,
67: 308,195,589,799,534,
68: 776,283,
69: 794,560,422,
70: 495,462,423,144,
71: 384,512,876,
72: 351,363,764,
73: 899,657,828,
74: 705,87,71,837,767,
75: 590,494,724,411,626,
76: 6,668,501,63,498,
77: 185,759,8,
78: 240,100,
79: 880,49,137,69,
80: 410,790,
81: 428,848,
82: 536,359,631,138,854,
83: 6,855,420,779,
84: 157,101,265,663,665,
85: 558,195,663,797,
86: 100,888,
87: 81,197,452,
88: 161,523,326,
89: 283,641,429,
90: 557,713,
91: 138,468,
92: 367,18,192,542,
93: 149,722,153,109,
94: 493,369,323,682,698,
95: 570,151,
96: 609,417,
97: 299,872,
98: 622,652,108,446,
99: 155,726,
100: 393,861,645,39,
101: 816,559,308,847,876,
102: 598,709,700,
103: 138,859,140,898,
104: 210,876,160,
105: 729,757,239,137,
106: 336,615,255,767,765,
107: 736,450,185,3,
108: 458,247,723,774,
109: 655,575,51,
110: 26,291,
111: 770,402,700,
112: 650,269,
113: 52,7,
114: 838,587,730,493,
115: 778,496,
116: 55,559,460,
117: 35,349,
118: 194,412,564,653,
119: 787,450,277,
120: 883,785,181,
121: 631,9,279,
122: 467,606,214,402,
123: 390,83,650,
124: 717,538,308,
125: 735,286,855,353,319,
126: 351,425,76,252,124,
127: 274,757,
128: 627,9,
129: 364,42,308,567,
130: 856,491,
131: 653,70,561,
132: 574,847,418,
133: 611,686,
134: 794,19,576,557,
135: 80,671,
136: 444,412,857,836,
137: 606,545,590,
138: 67,272,897,748,
139: 62,736,616,542,
140: 182,96,
141: 493,151,638,867,397,
142: 211,313,
143: 27,892,
144: 119,167,639,
145: 460,269,
146: 570,855,
147: 311,729,605,276,
148: 341,864,
149: 630,96,265,
150: 679,534,
151: 807,318,552,198,
152: 822,119,139,17,
153: 840,405,697,573,
154: 373,860,38,
155: 487,394,330,226,96,
156: 240,478,
157: 875,410,193,
158: 415,738,
159: 715,144,395,508,888,
160: 269,490,
161: 549,655,
162: 473,51,654,826,
163: 862,242,737,428,695,
164: 326,116,369,587,
165: 229,633,541,
166: 146,376,
167: 821,283,863,
168: 307,770,38,11,
169: 472,44,577,
170: 433,67,254,265,515,
171: 309,885,
172: 406,145,
173: 845,604,18,864,178,
174: 669,782,808,583,
175: 423,289,
176: 80,13,758,553,
177: 325,113,478,
178: 256,282,508,543,
179: 429,33,
180: 93,209,876,189,
181: 359,39,305,
182: 631,589,
183: 764,836,486,688,261,
184: 389,128,381,725,
185: 708,236,313,281,
186: 138,222,879,454,
187: 691,113,150,
188: 738,262,172,828,339,
189: 751,461,112,
190: 887,534,850,
191: 883,829,
192: 752,538,
193: 668,850,714,
194: 95,108,764,488,234,
195: 340,257,441,
196: 98,277,
197: 389,559,83,631,452,
198: 160,189,115,186,729,
199: 192,833,106,707,
200: 91,224,376,624,
201: 412,149,186,
202: 366,843,179,506,65,
203: 217,134,
204: 568,109,877,
205: 618,496,750,91,
206: 710,792,400,
207: 861,541,
208: 182,610,234,606,445,
209: 856,120,837,
210: 45,430,487,
211: 560,640,135,161,387,
212: 202,689,285,430,
213: 205,7,736,343,
214: 92,244,40,
215: 678,112,801,161,
216: 747,412,254,
217: 430,231,814,70,581,
218: 495,36,879,700,233,
219: 667,895,
220: 367,518,829,
221: 257,62,
222: 678,898,632,887,96,
223: 676,53,315,886,595,
224: 705,450,606,309,
225: 425,212,
226: 664,660,264,
227: 24,280,
228: 667,686,
229: 73,837,
230: 585,364,817,132,
231: 134,576,640,201,
232: 231,674,173,652,775,
233: 462,146,170,
234: 716,636,641,41,
235: 409,728,260,877,75,
236: 557,398,
237: 353,420,
238: 407,625,681,151,820,
239: 643,61,195,728,
240: 854,721,159,
241: 768,38,
242: 163,507,
243: 782,607,588,618,596,
244: 571,460,
245: 246,267,224,93,777,
246: 651,636,12,65,
247: 336,293,
248: 755,336,203,643,606,
249: 45,181,
250: 853,843,253,486,
251: 661,99,573,631,
252: 409,582,585,691,111,
253: 808,325,863,
254: 697,9,223,699,263,
255: 578,223,383,
256: 276,36,743,733,
257: 569,475,333,258,770,
258: 486,125,829,
259: 19,615,649,
260: 116,283,682,
261: 411,257,319,514,
262: 152,494,
263: 775,653,
264: 386,535,
265: 897,150,239,740,
266: 409,741,282,
267: 887,562,510,
268: 810,629,
269: 692,194,
270: 253,360,78,
271: 317,222,654,
272: 721,329,674,711,389,
273: 231,9,759,
274: 722,780,204,222,752,
275: 643,360,700,119,555,
276: 595,51,158,
277: 306,534,31,880,59,
278: 753,40,539,781,
279: 41,884,289,255,852,
280: 660,587,40,
281: 530,643,
282: 332,238,293,383,309,
283: 689,341,54,454,
284: 888,811,469,625,611,
285: 511,371,
286: 726,91,
287: 182,303,
288: 803,774,
289: 777,444,616,192,760,
290: 39,502,6,116,176,
291: 834,677,726,53,162,
292: 622,7,42,
293: 518,407,689,141,
294: 78,57,
295: 460,767,177,695,
296: 370,776,581,592,
297: 120,865,315,877,581,
298: 561,191,357,
299: 369,830,
300: 501,118,48,609,839,
301: 628,21,
302: 578,115,76,744,291,
303: 419,177,69,746,403,
304: 21,633,663,
305: 585,485,13,288,
306: 107,828,895,
307: 743,789,562,
308: 639,478,
309: 323,633,
310: 555,237,808,
311: 229,415,873,644,
312: 697,417,277,
313: 36,252,
314: 267,333,716,
315: 628,888,80,
316: 226,786,72,734,302,
317: 546,570,88,
318: 304,423,46,266,600,
319: 561,429,433,702,
320: 876,368,489,630,
321: 463,552,419,172,442,
322: 846,457,392,242,
323: 236,389,
324: 270,733,806,
325: 178,521,707,767,
326: 129,673,
327: 65,490,780,351,
328: 741,742,601,577,883,
329: 684,216,194,513,
330: 769,180,
331: 568,326,873,60,
332: 708,153,505,62,
333: 875,429,71,249,305,
334: 643,15,781,463,
335: 16,685,
336: 719,722,891,697,
337: 726,811,319,
338: 608,807,420,548,
339: 742,558,
340: 823,160,
341: 250,113,138,129,122,
342: 21,45,
343: 891,570,10,709,316,
344: 182,388,253,727,886,
345: 259,151,600,638,443,
346: 135,691,735,753,
347: 369,839,229,267,154,
348: 382,103,721,234,137,
349: 698,720,425,658,
350: 849,762,
351: 608,109,741,
352: 277,760,681,
353: 217,823,585,805,
354: 654,733,
355: 284,561,723,107,11,
356: 847,493,778,780,
357: 720,141,510,860,63,
358: 80,593,897,851,
359: 200,648,171,
360: 868,638,825,115,
361: 764,320,727,671,
362: 94,821,
363: 564,872,562,360,
364: 666,233,555,
365: 333,881,568,
366: 143,665,51,752,
367: 102,46,566,418,
368: 147,831,250,140,564,
369: 485,177,571,869,
370: 539,487,193,868,268,
371: 659,828,
372: 172,309,462,
373: 599,367,
374: 490,159,
375: 699,32,764,
376: 262,261,
377: 425,733,234,276,
378: 822,882,40,101,
379: 473,726,746,638,
380: 827,456,807,38,
381: 698,329,
382: 203,6,
383: 175,883,807,511,
384: 699,652,328,675,273,
385: 249,286,
386: 886,121,308,400,
387: 828,211,500,706,419,
388: 741,256,
389: 202,51,766,
390: 313,875,224,
391: 887,860,293,729,
392: 112,333,
393: 190,392,
394: 612,436,613,25,266,
395: 563,171,
396: 401,503,446,
397: 30,314,155,633,
398: 594,441,340,
399: 734,107,525,
400: 158,104,
401: 347,147,736,
402: 756,13,
403: 336,741,732,851,
404: 714,162,775,174,
405: 64,375,
406: 396,518,
407: 652,799,520,538,
408: 230,322,417,669,
409: 376,612,321,403,
410: 102,638,
411: 255,834,660,429,405,
412: 147,211,761,55,244,
413: 271,849,
414: 344,270,
415: 28,256,697,
416: 888,383,
417: 798,876,
418: 857,486,
419: 374,253,644,
420: 511,689,837,117,
421: 577,684,69,424,158,
422: 777,171,864,335,
423: 126,891,
424: 82,39,
425: 102,268,627,273,668,
426: 865,241,37,89,
427: 762,621,456,727,
428: 812,781,599,275,455,
429: 83,646,365,
430: 813,204,348,338,
431: 734,812,
432: 689,428,626,355,
433: 514,537,
434: 821,195,
435: 416,229,131,
436: 477,225,
437: 879,189,554,208,664,
438: 551,211,482,518,
439: 708,188,
440: 452,855,813,
441: 173,622,272,103,
442: 241,651,256,
443: 380,637,784,259,106,
444: 306,330,655,716,
445: 394,400,
446: 585,162,482,690,
447: 97,653,656,
448: 361,633,2,130,
449: 424,602,610,453,153,
450: 311,732,540,649,305,
451: 390,10,34,125,889,
452: 566,648,826,
453: 438,299,504,564,
454: 84,809,
455: 647,684,675,112,
456: 552,897,
457: 549,468,
458: 423,649,307,513,
459: 445,93,
460: 92,606,488,315,
461: 705,666,301,
462: 265,392,759,19,755,
463: 7,65,187,
464: 88,523,306,384,
465: 268,730,16,379,394,
466: 418,465,354,772,
467: 540,286,
468: 27,570,630,266,
469: 107,805,
470: 363,66,264,813,58,
471: 795,178,311,399,161,
472: 747,663,151,
473: 246,239,496,637,
474: 346,692,440,304,134,
475: 249,803,
476: 577,417,
477: 443,257,56,4,
478: 199,683,4,
479: 310,686,572,276,85,
480: 75,621,10,
481: 702,635,355,169,153,
482: 271,596,282,676,
483: 710,47,791,
484: 724,849,543,181,
485: 6,76,620,
486: 435,641,546,
487: 460,229,
488: 695,308,
489: 632,345,714,693,
490: 467,642,
491: 251,89,
492: 618,293,
493: 189,594,
494: 574,526,502,
495: 617,826,75,
496: 183,295,
497: 652,438,792,
498: 625,25,
499: 437,91,
500: 314,505,
501: 696,650,302,
502: 303,6,860,321,295,
503: 874,203,33,
504: 754,420,
505: 900,830,296,
506: 203,106,472,853,
507: 134,78,20,627,
508: 192,9,542,162,125,
509: 282,312,758,596,
510: 324,697,52,576,693,
511: 226,154,605,407,899,
512: 880,225,626,519,
513: 153,94,228,885,388,
514: 464,127,318,779,411,
515: 423,774,724,153,701,
516: 659,515,160,
517: 606,898,765,665,
518: 30,168,162,255,765,
519: 198,30,199,
520: 517,287,
521: 143,148,
522: 164,597,114,
523: 21,110,655,457,703,
524: 709,205,597,489,309,
525: 867,488,736,798,
526: 80,18,651,
527: 570,177,458,661,
528: 693,446,320,854,
529: 638,890,187,
530: 877,109,
531: 180,489,704,
532: 624,505,300,716,
533: 242,36,847,552,
534: 235,391,110,
535: 386,171,493,571,271,
536: 415,730,132,75,
537: 821,729,18,
538: 399,136,417,394,
539: 316,596,31,421,
540: 570,428,
541: 48,880,758,
542: 383,714,268,
543: 163,819,415,
544: 654,156,209,460,351,
545: 84,330,31,593,176,
546: 449,604,620,37,
547: 882,215,896,
548: 862,276,624,636,
549: 887,288,95,393,839,
550: 854,109,
551: 757,414,
552: 198,86,335,258,
553: 610,478,56,200,
554: 294,13,600,573,847,
555: 638,52,
556: 42,601,458,424,
557: 447,241,
558: 327,123,346,15,345,
559: 683,342,861,449,
560: 256,836,441,700,288,
561: 607,294,114,
562: 282,535,790,
563: 662,203,86,482,
564: 310,368,25,587,548,
565: 13,747,
566: 850,725,820,
567: 410,148,279,475,
568: 226,148,
569: 441,358,253,334,107,
570: 791,845,568,653,781,
571: 291,415,851,
572: 233,184,667,
573: 301,143,71,
574: 881,624,160,704,351,
575: 32,110,131,
576: 30,479,
577: 267,166,888,395,582,
578: 261,142,
579: 419,490,883,
580: 363,90,9,
581: 768,576,372,
582: 203,339,506,677,
583: 861,85,515,719,
584: 213,122,130,470,
585: 413,723,679,611,266,
586: 541,898,722,289,692,
587: 750,195,784,
588: 403,647,188,749,
589: 666,245,126,794,146,
590: 26,109,28,
591: 57,794,94,529,885,
592: 665,15,298,22,
593: 19,721,108,
594: 271,284,650,237,348,
595: 725,552,213,335,327,
596: 431,835,751,382,221,
597: 433,28,491,84,233,
598: 67,812,292,278,
599: 799,356,207,230,
600: 526,392,205,
601: 517,389,634,627,
602: 213,165,113,
603: 719,580,558,
604: 234,477,835,782,483,
605: 115,462,134,688,
606: 228,429,541,367,
607: 54,365,528,187,280,
608: 95,895,824,
609: 258,633,191,440,192,
610: 24,707,172,
611: 5,675,688,302,830,
612: 495,390,8,
613: 446,216,
614: 427,594,203,
615: 26,62,70,307,131,
616: 194,686,53,345,585,
617: 618,570,472,207,
618: 791,717,
619: 554,127,
620: 537,221,883,
621: 606,627,660,890,133,
622: 689,314,676,111,
623: 149,69,224,848,
624: 235,248,
625: 177,129,
626: 383,415,665,
627: 282,571,595,722,735,
628: 721,249,761,
629: 59,57,823,703,
630: 590,450,349,47,
631: 879,756,369,
632: 609,448,788,511,
633: 224,276,613,847,521,
634: 612,766,
635: 710,797,677,
636: 383,81,141,
637: 775,136,
638: 223,345,
639: 46,883,878,
640: 146,142,
641: 648,204,296,
642: 760,490,625,
643: 285,583,76,264,
644: 744,74,242,746,658,
645: 280,841,784,
646: 785,892,618,55,
647: 41,292,749,549,310,
648: 247,512,
649: 191,462,728,
650: 587,563,297,
651: 746,894,
652: 35,163,348,473,781,
653: 250,377,258,
654: 157,11,88,71,
655: 501,240,683,
656: 589,226,898,692,
657: 441,829,817,583,
658: 567,437,449,602,268,
659: 168,637,663,495,120,
660: 543,361,52,72,363,
661: 304,80,30,
662: 343,656,23,
663: 484,613,550,60,
664: 420,879,539,23,
665: 756,10,
666: 595,709,
667: 167,555,705,851,
668: 887,512,
669: 844,811,760,241,890,
670: 686,674,405,881,
671: 818,56,400,778,
672: 242,640,415,793,
673: 185,482,507,237,
674: 679,575,
675: 467,730,
676: 841,552,63,
677: 62,249,587,220,
678: 852,443,812,
679: 189,269,841,568,
680: 834,396,349,522,356,
681: 254,338,181,597,887,
682: 874,517,621,520,471,
683: 850,863,722,309,
684: 99,15,567,
685: 504,282,
686: 672,413,845,
687: 560,54,821,900,326,
688: 221,108,551,
689: 618,299,
690: 843,537,
691: 255,882,651,374,54,
692: 702,589,763,
693: 814,204,639,
694: 351,182,693,822,627,
695: 306,184,
696: 534,390,755,
697: 793,483,
698: 612,189,761,887,126,
699: 185,567,
700: 415,252,
701: 733,194,91,705,725,
702: 600,544,273,263,
703: 238,300,374,
704: 712,297,
705: 204,824,321,
706: 88,284,
707: 425,825,
708: 191,29,838,4,896,
709: 810,584,186,
710: 47,194,250,747,
711: 113,781,
712: 856,136,705,13,486,
713: 503,64,835,595,730,
714: 58,79,
715: 811,203,232,453,164,
716: 87,739,115,648,578,
717: 103,640,358,
718: 494,515,
719: 73,628,852,
720: 420,135,
721: 228,634,
722: 836,339,
723: 109,238,17,697,627,
724: 503,620,804,478,
725: 183,249,104,
726: 267,825,214,382,
727: 310,748,
728: 562,736,656,519,
729: 261,89,494,666,141,
730: 197,840,233,636,199,
731: 767,737,583,734,
732: 544,646,431,343,511,
733: 631,8,
734: 84,852,86,
735: 568,265,694,761,744,
736: 542,57,203,
737: 841,482,
738: 4,233,544,741,164,
739: 306,857,372,
740: 840,744,471,695,
741: 509,45,105,
742: 727,628,
743: 825,233,869,
744: 898,88,29,783,308,
745: 472,357,
746: 115,445,139,701,124,
747: 895,789,849,376,702,
748: 139,868,
749: 373,221,565,864,
750: 36,602,831,736,681,
751: 256,131,331,
752: 237,873,153,606,697,
753: 780,547,585,870,
754: 121,641,39,
755: 699,208,
756: 140,539,65,
757: 870,704,
758: 769,468,684,71,
759: 749,134,
760: 73,219,715,
761: 441,297,630,742,
762: 285,270,421,764,732,
763: 801,338,
764: 899,727,607,210,
765: 698,93,879,667,140,
766: 650,376,643,
767: 385,371,354,93,206,
768: 555,278,120,544,
769: 552,714,
770: 235,214,69,268,
771: 218,137,662,
772: 6,253,741,748,
773: 19,263,287,894,
774: 506,114,316,407,421,
775: 604,797,414,885,
776: 811,832,421,127,
777: 611,868,
778: 554,663,609,857,
779: 836,438,
780: 468,795,
781: 215,217,265,705,
782: 493,882,
783: 50,470,1,694,20,
784: 138,476,
785: 182,38,370,74,
786: 776,839,
787: 5,47,238,419,756,
788: 739,111,371,843,
789: 197,532,152,485,
790: 605,532,
791: 128,392,719,
792: 444,555,772,349,616,
793: 897,891,
794: 767,31,260,829,364,
795: 282,215,
796: 444,805,140,887,
797: 633,866,873,
798: 59,558,676,
799: 49,485,99,
800: 702,313,781,254,337,
801: 773,527,577,189,
802: 505,389,
803: 747,5,681,84,
804: 779,169,377,749,
805: 680,251,619,
806: 15,759,
807: 118,72,
808: 712,554,484,69,
809: 772,79,269,137,
810: 439,567,425,
811: 422,639,515,183,
812: 291,547,
813: 798,451,167,123,241,
814: 404,176,899,131,
815: 147,29,735,178,84,
816: 821,351,126,419,24,
817: 13,273,867,
818: 565,861,462,
819: 96,344,382,
820: 328,772,826,90,
821: 264,51,
822: 559,832,312,376,
823: 584,387,553,127,546,
824: 821,36,740,76,
825: 437,484,769,542,
826: 774,619,651,
827: 164,183,
828: 131,321,219,357,348,
829: 210,186,
830: 718,733,846,
831: 12,195,635,290,558,
832: 758,2,127,
833: 170,315,
834: 423,512,
835: 533,745,649,
836: 143,771,424,452,235,
837: 402,258,275,535,
838: 528,510,
839: 456,187,388,656,758,
840: 576,520,353,119,445,
841: 499,734,
842: 239,748,745,570,119,
843: 52,526,771,56,
844: 547,91,209,640,851,
845: 646,615,27,79,
846: 561,35,167,7,790,
847: 445,503,
848: 313,165,460,
849: 457,210,676,406,735,
850: 712,649,743,547,646,
851: 120,654,
852: 115,639,203,
853: 251,59,575,510,
854: 14,578,626,332,
855: 332,46,801,
856: 627,32,
857: 526,648,14,608,
858: 771,185,487,
859: 624,446,
860: 221,62,333,866,
861: 752,717,129,
862: 793,592,
863: 22,586,801,542,
864: 202,516,
865: 767,269,163,29,
866: 5,627,51,347,155,
867: 101,713,
868: 864,656,111,
869: 576,565,
870: 13,897,416,122,690,
871: 479,732,
872: 152,331,43,
873: 150,184,250,736,
874: 161,653,677,121,170,
875: 160,361,658,643,845,
876: 689,21,55,
877: 726,211,244,
878: 514,490,561,
879: 508,389,100,616,194,
880: 182,580,
881: 215,411,107,655,
882: 665,156,471,
883: 181,668,45,900,
884: 220,764,542,756,
885: 486,219,500,
886: 231,732,574,508,834,
887: 655,106,
888: 515,374,169,327,
889: 727,14,77,735,
890: 729,322,801,
891: 529,611,
892: 894,477,671,
893: 222,715,380,286,
894: 442,340,888,656,
895: 561,11,540,582,
896: 164,538,497,702,
897: 76,78,
898: 733,481,
899: 107,398,886,119,822,
