300 
1: 8,7,4,5,
2: 13,4,
3: 1,13,7,
4: 12,2,5,10,13,
5: 13,
6: 9,5,
7: 10,1,
8: 1,5,9,13,
9: 3,8,7,13,
10: 3,1,
11: 5,8,7,
12: 8,10,3,13,
13: 7,2,10,3,
14: 23,24,25,22,
15: 14,19,21,
16: 23,22,
17: 24,18,15,
18: 22,21,
19: 18,20,
20: 24,
21: 17,22,
22: 17,19,14,
23: 20,25,18,22,
24: 17,20,15,14,
25: 24,14,
26: 29,37,41,
27: 36,32,43,
28: 40,41,35,39,
29: 36,40,30,28,
30: 28,42,37,
31: 32,40,30,
32: 35,28,
33: 38,43,30,
34: 40,37,42,43,
35: 31,41,27,
36: 29,27,
37: 42,32,27,28,
38: 39,29,
39: 38,27,42,
40: 34,37,26,
41: 39,40,
42: 26,30,41,
43: 30,26,34,38,
44: 28,34,42,
45: 53,51,
46: 47,51,
47: 52,49,
48: 47,54,45,56,
49: 47,52,56,54,
50: 53,49,
51: 55,54,
52: 56,48,53,50,
53: 48,46,49,51,
54: 51,50,
55: 56,52,
56: 51,49,45,
57: 68,67,63,69,60,
58: 68,64,59,71,
59: 69,64,
60: 61,59,63,
61: 64,65,
62: 66,58,69,71,63,
63: 71,61,58,
64: 70,58,65,
65: 63,58,
66: 61,68,
67: 72,70,
68: 65,57,
69: 61,64,
70: 71,64,61,62,58,
71: 60,67,69,
72: 69,61,
73: 82,88,91,89,92,
74: 91,77,86,
75: 89,74,
76: 80,77,85,
77: 73,87,86,88,84,
78: 85,82,
79: 73,78,76,
80: 76,
81: 80,74,86,
82: 86,84,
83: 87,86,75,74,
84: 73,86,
85: 82,74,86,
86: 81,74,78,77,
87: 80,86,79,82,89,
88: 82,85,91,86,81,
89: 85,
90: 78,73,82,88,
91: 81,78,75,87,
92: 83,73,87,76,
93: 98,99,94,96,
94: 100,98,96,101,102,
95: 96,102,101,
96: 99,94,95,
97: 96,93,100,
98: 95,93,96,
99: 98,93,101,94,
100: 99,101,93,
101: 93,98,96,
102: 101,94,96,
103: 111,114,113,108,106,
104: 109,117,
105: 116,114,107,
106: 104,117,
107: 117,113,106,
108: 115,117,
109: 103,115,
110: 114,117,112,113,
111: 114,103,110,118,119,
112: 110,115,107,
113: 109,117,111,105,
114: 112,111,105,
115: 116,107,111,
116: 119,117,112,
117: 105,118,114,112,
118: 119,103,107,105,
119: 118,107,
120: 125,129,
121: 125,129,
122: 121,125,
123: 120,129,127,122,
124: 123,121,125,122,
125: 124,126,127,
126: 124,121,120,
127: 121,128,129,125,
128: 125,122,129,
129: 123,128,124,
130: 138,135,131,
131: 141,134,142,136,
132: 131,142,144,
133: 135,130,139,132,143,
134: 140,130,145,131,
135: 131,141,144,137,145,
136: 134,144,
137: 141,134,144,
138: 144,136,132,
139: 136,141,143,
140: 138,144,139,136,131,
141: 133,139,143,
142: 140,131,
143: 142,130,141,140,
144: 133,141,138,
145: 133,139,130,
146: 162,148,
147: 146,157,
148: 153,146,158,150,
149: 157,
150: 146,153,157,154,
151: 155,
152: 149,153,159,148,
153: 159,150,149,152,
154: 153,147,
155: 151,161,157,
156: 154,162,160,
157: 153,
158: 155,150,148,
159: 151,162,
160: 153,156,
161: 157,158,
162: 151,147,
163: 
164: 171,183,177,
165: 164,168,
166: 165,172,171,
167: 178,177,179,169,
168: 181,169,
169: 172,171,
170: 166,172,178,182,173,
171: 173,177,
172: 181,173,
173: 166,182,168,170,167,
174: 181,173,172,
175: 164,169,
176: 172,178,
177: 179,170,
178: 181,177,165,179,
179: 172,175,
180: 171,172,167,182,177,
181: 183,178,175,172,
182: 173,166,172,
183: 176,177,
184: 194,188,195,191,
185: 188,184,194,187,
186: 191,195,
187: 195,191,194,
188: 191,186,190,
189: 192,194,187,
190: 187,194,191,186,
191: 184,194,
192: 191,187,
193: 185,191,
194: 190,188,185,
195: 191,194,185,192,
196: 199,209,
197: 209,196,
198: 202,199,200,
199: 209,206,
200: 203,207,202,201,
201: 207,197,
202: 198,
203: 208,199,200,209,
204: 200,208,203,
205: 196,201,197,
206: 204,205,
207: 198,206,
208: 207,202,206,
209: 199,204,197,198,
210: 213,212,217,
211: 210,212,224,226,
212: 219,217,
213: 225,226,216,212,
214: 225,223,217,
215: 222,
216: 211,226,215,
217: 210,215,
218: 220,217,
219: 213,215,211,220,
220: 217,215,
221: 212,223,
222: 217,212,210,214,218,
223: 216,219,
224: 226,212,222,218,
225: 220,222,
226: 210,225,
227: 243,238,237,
228: 233,236,227,231,
229: 242,227,228,
230: 242,235,238,240,
231: 236,239,241,227,
232: 240,239,
233: 232,231,229,
234: 240,243,
235: 239,241,236,237,227,
236: 240,227,
237: 240,
238: 237,232,
239: 228,235,
240: 242,228,
241: 228,239,
242: 243,232,
243: 235,229,227,232,
244: 249,250,
245: 252,250,249,244,
246: 253,249,247,
247: 252,251,250,253,
248: 247,253,
249: 246,250,247,
250: 249,245,247,253,
251: 253,249,
252: 253,247,
253: 251,250,
254: 260,256,
255: 256,264,
256: 264,265,
257: 265,261,270,
258: 270,262,257,
259: 257,254,261,
260: 255,268,
261: 266,264,
262: 258,257,254,
263: 255,270,259,257,269,
264: 268,254,265,
265: 262,256,270,268,267,
266: 
267: 265,264,254,
268: 256,254,
269: 260,254,
270: 261,265,269,
271: 286,273,
272: 276,281,
273: 284,280,
274: 276,284,277,
275: 280,284,279,
276: 275,284,285,
277: 285,276,
278: 274,283,
279: 271,273,
280: 285,286,
281: 276,271,272,277,285,
282: 287,284,285,
283: 282,273,280,
284: 283,273,271,275,
285: 277,283,286,275,280,
286: 277,272,279,284,
287: 277,284,281,
288: 300,
289: 290,291,295,300,288,
290: 288,293,300,
291: 293,297,299,
292: 288,297,296,299,
293: 300,297,299,
294: 295,298,
295: 294,299,289,
296: 288,289,
297: 296,298,
298: 296,290,
299: 293,
300: 298,294,299,293,
