200 
1: 24,130,67,
2: 110,49,14,130,114,
3: 58,103,
4: 150,103,169,135,136,
5: 167,63,7,137,
6: 64,63,
7: 25,18,180,
8: 174,16,
9: 127,144,147,109,
10: 74,58,
11: 190,112,73,
12: 26,194,141,33,28,
13: 42,131,
14: 151,49,
15: 153,147,18,110,143,
16: 177,68,7,64,
17: 181,141,145,81,68,
18: 118,90,105,16,
19: 138,14,145,136,
20: 37,178,60,121,
21: 28,105,
22: 55,148,34,147,168,
23: 107,160,56,113,
24: 173,175,
25: 85,158,
26: 136,131,151,18,35,
27: 47,109,63,12,
28: 4,8,5,62,
29: 193,100,64,173,
30: 182,16,26,121,79,
31: 163,54,194,165,116,
32: 114,125,46,154,179,
33: 29,91,
34: 193,13,
35: 120,180,44,134,22,
36: 171,128,
37: 119,71,17,
38: 22,174,169,129,44,
39: 194,10,
40: 68,75,106,
41: 27,136,69,
42: 133,31,15,
43: 7,165,137,
44: 142,71,200,
45: 43,101,
46: 36,106,128,
47: 143,72,189,
48: 33,64,161,147,
49: 66,188,14,125,82,
50: 22,147,112,28,
51: 188,153,46,
52: 81,154,89,35,61,
53: 16,196,
54: 96,176,123,103,
55: 113,139,119,39,105,
56: 53,198,
57: 113,27,44,54,71,
58: 169,32,
59: 132,16,41,171,165,
60: 21,176,48,
61: 9,68,174,101,6,
62: 113,12,5,
63: 166,141,140,113,
64: 158,34,195,146,169,
65: 150,193,
66: 6,129,192,
67: 134,54,64,
68: 197,113,
69: 13,104,116,191,
70: 15,45,165,155,98,
71: 114,90,7,137,111,
72: 117,147,58,101,25,
73: 3,28,194,145,
74: 113,147,84,109,
75: 148,35,98,54,
76: 13,120,176,
77: 110,108,117,59,98,
78: 139,119,46,
79: 63,98,187,134,160,
80: 130,161,105,92,
81: 111,24,
82: 75,124,49,114,
83: 200,75,189,
84: 162,105,17,80,163,
85: 156,193,121,5,
86: 29,124,4,128,
87: 118,108,124,
88: 171,183,105,133,
89: 110,57,23,
90: 66,131,127,
91: 27,60,
92: 129,137,
93: 41,38,120,
94: 4,42,53,
95: 196,151,184,75,176,
96: 151,84,61,
97: 173,199,
98: 196,9,167,127,84,
99: 92,110,
100: 129,188,30,46,
101: 86,71,134,94,
102: 54,126,52,
103: 114,61,
104: 29,97,12,66,
105: 7,83,174,
106: 150,129,
107: 76,25,191,
108: 76,66,
109: 163,53,124,
110: 79,46,2,78,
111: 105,102,
112: 101,58,78,
113: 60,194,
114: 125,76,31,
115: 192,157,
116: 199,93,113,52,146,
117: 182,53,
118: 120,4,123,171,
119: 94,36,
120: 86,61,185,
121: 63,104,127,
122: 175,16,170,113,
123: 8,87,29,97,
124: 23,138,68,83,28,
125: 157,9,137,181,
126: 123,106,
127: 55,54,109,
128: 135,145,51,109,93,
129: 103,45,79,
130: 98,118,5,108,
131: 111,170,56,
132: 28,176,129,
133: 36,72,
134: 14,195,171,76,
135: 148,200,187,
136: 30,27,
137: 74,152,150,
138: 117,159,126,
139: 94,43,12,177,
140: 2,166,
141: 69,52,
142: 178,102,78,198,195,
143: 170,175,114,107,
144: 132,111,
145: 14,183,85,
146: 35,168,179,194,
147: 5,192,152,133,161,
148: 107,121,175,84,
149: 5,164,182,
150: 133,199,131,
151: 109,94,130,20,19,
152: 193,14,151,30,
153: 41,156,97,
154: 21,72,
155: 16,185,
156: 102,19,
157: 22,49,114,
158: 19,181,193,34,
159: 76,191,1,107,40,
160: 27,183,198,196,40,
161: 5,134,52,
162: 9,16,
163: 34,56,
164: 163,181,185,11,169,
165: 116,177,185,174,41,
166: 133,42,
167: 191,97,102,195,177,
168: 45,68,155,136,
169: 110,71,94,142,
170: 188,69,21,71,
171: 176,101,96,117,191,
172: 195,15,92,
173: 44,154,
174: 24,120,129,
175: 133,106,72,166,
176: 25,138,101,175,
177: 144,5,91,137,172,
178: 105,22,115,
179: 41,36,49,56,
180: 13,39,
181: 34,11,
182: 102,38,180,
183: 65,179,126,77,180,
184: 83,119,128,35,105,
185: 156,31,89,22,36,
186: 185,173,190,9,
187: 130,175,128,70,48,
188: 50,158,
189: 127,150,97,
190: 7,193,15,
191: 34,87,116,63,99,
192: 149,139,89,
193: 38,7,83,
194: 74,95,199,
195: 46,88,
196: 55,170,74,81,96,
197: 9,98,41,68,
198: 102,94,70,
199: 110,130,
