300 
1: 252,269,218,6,
2: 110,44,270,
3: 163,180,206,
4: 286,91,82,163,
5: 90,103,181,190,
6: 269,180,181,232,107,
7: 181,177,281,
8: 218,55,28,
9: 282,80,
10: 30,211,68,292,
11: 196,131,292,
12: 7,172,99,181,
13: 137,185,
14: 204,76,211,
15: 259,295,191,199,
16: 80,287,285,
17: 187,269,
18: 85,278,
19: 189,168,116,118,
20: 221,153,191,113,
21: 214,166,23,142,172,
22: 228,274,136,
23: 177,51,214,249,
24: 235,43,87,
25: 6,204,170,247,
26: 223,226,
27: 6,131,16,173,
28: 287,225,
29: 62,242,147,22,
30: 47,94,280,156,102,
31: 109,214,290,204,203,
32: 56,231,
33: 188,202,242,292,194,
34: 253,214,69,10,229,
35: 280,81,241,88,
36: 107,250,128,48,252,
37: 116,113,44,129,
38: 251,26,271,7,
39: 37,300,4,
40: 107,61,29,
41: 178,140,
42: 89,17,
43: 296,24,
44: 142,101,
45: 131,295,
46: 298,87,10,
47: 192,233,199,238,
48: 171,120,81,45,22,
49: 15,85,131,78,266,
50: 217,12,
51: 242,8,131,155,194,
52: 188,157,112,79,
53: 183,12,
54: 226,215,225,248,
55: 1,177,
56: 192,271,22,
57: 1,37,106,
58: 23,290,217,128,
59: 246,179,238,52,
60: 125,214,48,
61: 46,25,236,235,156,
62: 85,16,215,280,
63: 135,134,297,89,14,
64: 87,73,256,90,
65: 52,14,40,170,234,
66: 131,150,63,2,
67: 127,198,197,
68: 29,12,99,
69: 160,67,27,141,
70: 207,270,84,
71: 289,117,
72: 190,257,260,
73: 128,19,62,11,
74: 61,181,
75: 106,41,
76: 65,35,
77: 262,110,
78: 24,141,259,234,284,
79: 107,76,86,
80: 246,126,110,109,217,
81: 77,219,115,
82: 234,148,239,
83: 100,260,
84: 185,294,257,
85: 13,112,275,262,
86: 270,104,204,
87: 212,221,
88: 199,292,261,
89: 300,293,
90: 262,296,249,39,
91: 243,158,261,
92: 279,194,71,
93: 215,56,
94: 238,44,
95: 79,222,55,
96: 23,84,
97: 292,41,
98: 213,142,
99: 164,178,227,19,
100: 216,174,14,230,148,
101: 230,205,270,108,
102: 51,150,222,157,
103: 13,74,235,116,
104: 293,41,
105: 219,126,164,61,
106: 206,188,200,7,261,
107: 142,276,109,
108: 245,267,32,121,97,
109: 76,134,167,182,
110: 239,138,
111: 251,140,71,197,31,
112: 89,187,
113: 245,95,271,103,47,
114: 120,55,130,
115: 142,55,219,72,131,
116: 89,98,
117: 83,165,
118: 171,178,
119: 63,174,77,49,228,
120: 261,3,110,
121: 248,97,43,131,204,
122: 185,207,
123: 138,137,146,
124: 170,230,60,292,155,
125: 79,119,73,137,268,
126: 55,122,286,
127: 138,121,157,104,
128: 156,45,85,216,2,
129: 33,77,62,106,133,
130: 128,269,
131: 19,224,225,
132: 200,202,89,116,
133: 119,280,16,113,
134: 32,26,86,
135: 51,285,7,60,239,
136: 35,100,
137: 209,254,
138: 10,158,120,270,
139: 268,253,41,
140: 284,166,
141: 99,127,
142: 48,283,
143: 69,177,113,245,244,
144: 257,226,
145: 199,178,272,
146: 220,93,
147: 11,130,168,136,139,
148: 271,206,35,279,169,
149: 213,142,51,79,
150: 141,61,247,83,281,
151: 29,10,143,243,
152: 200,266,215,167,66,
153: 98,58,196,
154: 232,266,118,169,
155: 256,138,42,20,186,
156: 22,62,69,176,
157: 257,179,137,77,
158: 161,79,
159: 64,121,122,232,194,
160: 25,170,273,
161: 167,34,
162: 286,136,138,242,104,
163: 59,133,194,126,235,
164: 17,209,215,
165: 217,189,240,84,
166: 212,234,
167: 201,209,244,
168: 251,90,19,
169: 282,15,142,21,80,
170: 295,244,
171: 154,28,
172: 206,128,134,96,38,
173: 207,11,83,127,
174: 125,27,49,268,271,
175: 99,222,
176: 121,150,257,
177: 191,128,156,74,
178: 283,204,95,192,
179: 299,130,267,
180: 87,65,155,
181: 209,176,30,293,
182: 156,107,250,88,32,
183: 22,168,
184: 249,278,13,288,261,
185: 118,190,165,272,
186: 229,249,
187: 201,162,
188: 124,105,17,238,37,
189: 140,111,128,254,
190: 101,194,
191: 224,34,
192: 150,33,140,107,43,
193: 206,76,74,192,279,
194: 121,34,289,62,
195: 80,295,204,47,
196: 78,227,274,63,242,
197: 96,74,125,168,
198: 294,9,45,226,60,
199: 132,126,211,
200: 197,238,16,99,
201: 72,111,
202: 174,13,61,158,
203: 66,176,
204: 45,146,
205: 139,47,175,170,266,
206: 273,75,
207: 277,30,
208: 211,86,
209: 242,210,94,170,
210: 17,258,205,36,
211: 264,108,296,295,
212: 172,158,273,
213: 227,112,
214: 272,13,108,
215: 285,271,
216: 66,254,24,198,
217: 247,275,
218: 30,239,4,
219: 80,199,163,
220: 260,272,229,228,
221: 167,36,137,24,250,
222: 185,228,210,
223: 77,263,15,
224: 151,214,69,
225: 218,185,
226: 234,54,155,
227: 171,282,219,
228: 130,11,184,284,
229: 30,272,271,
230: 34,208,
231: 206,99,
232: 295,169,
233: 158,238,
234: 26,56,38,210,93,
235: 151,195,189,132,
236: 235,128,
237: 170,166,266,291,84,
238: 111,279,275,254,
239: 83,160,
240: 296,103,155,166,202,
241: 11,228,55,203,68,
242: 193,48,8,
243: 189,276,159,147,95,
244: 65,56,121,11,230,
245: 132,86,259,212,176,
246: 232,111,1,
247: 294,166,218,4,
248: 276,106,127,
249: 197,274,
250: 49,13,58,86,
251: 15,8,123,180,
252: 35,89,
253: 183,101,
254: 40,207,189,
255: 143,39,49,
256: 252,58,63,9,
257: 14,226,
258: 244,188,100,
259: 160,103,175,139,116,
260: 297,98,271,
261: 212,2,132,201,237,
262: 270,111,77,269,
263: 72,194,
264: 193,235,13,
265: 50,299,195,208,
266: 295,286,195,187,
267: 54,59,261,66,
268: 52,228,238,
269: 7,223,209,60,286,
270: 29,282,97,77,284,
271: 218,53,179,132,258,
272: 125,42,136,61,105,
273: 206,204,139,103,124,
274: 137,84,
275: 239,235,
276: 24,255,214,38,63,
277: 182,78,
278: 105,55,
279: 225,74,20,114,
280: 249,187,256,61,32,
281: 74,269,298,299,171,
282: 124,32,93,
283: 132,190,168,272,14,
284: 279,236,36,8,223,
285: 72,224,218,111,24,
286: 129,220,177,218,123,
287: 253,112,258,299,204,
288: 163,184,86,
289: 242,31,188,80,8,
290: 284,157,
291: 49,206,197,
292: 261,33,84,170,245,
293: 141,233,
294: 259,55,50,150,
295: 135,252,185,20,93,
296: 70,116,273,176,
297: 81,99,215,299,
298: 250,136,258,
299: 194,145,182,187,
