700 
1: 14,20,
2: 4,14,
3: 20,19,1,18,22,
4: 6,19,
5: 6,21,4,20,8,19,11,
6: 14,11,5,22,23,4,7,
7: 8,24,3,10,22,17,
8: 7,23,10,4,5,20,6,
9: 21,6,
10: 20,18,
11: 2,22,8,20,
12: 23,17,9,
13: 22,8,12,10,17,24,
14: 15,6,18,3,16,
15: 24,12,9,8,23,7,
16: 15,24,22,
17: 9,23,12,
18: 5,12,1,10,22,
19: 16,8,17,
20: 22,18,7,
21: 1,5,7,20,11,13,
22: 7,9,1,13,
23: 6,2,4,17,12,
24: 14,10,20,1,
25: 33,29,32,34,38,
26: 32,34,39,35,
27: 39,38,36,
28: 36,40,31,33,34,29,
29: 27,37,28,33,
30: 28,40,29,38,34,
31: 39,37,27,28,
32: 27,34,
33: 28,38,29,34,
34: 36,27,28,37,26,
35: 29,28,31,27,26,25,
36: 37,32,40,
37: 38,27,40,
38: 36,33,39,
39: 36,31,
40: 35,37,28,33,
41: 52,42,51,57,53,
42: 55,48,44,
43: 41,48,44,46,57,50,49,
44: 57,54,
45: 43,44,
46: 41,
47: 44,41,43,58,
48: 50,55,51,45,56,53,
49: 42,54,50,57,
50: 47,52,49,51,53,
51: 55,57,43,47,49,50,
52: 42,56,51,41,45,58,
53: 43,56,47,
54: 41,43,55,51,46,
55: 46,41,57,42,47,52,
56: 45,42,53,43,50,
57: 43,52,50,41,46,45,54,
58: 43,48,50,46,45,
59: 76,65,70,66,71,78,74,
60: 74,66,
61: 74,59,
62: 63,77,60,67,72,
63: 75,74,62,70,60,78,65,67,
64: 60,69,74,
65: 61,70,59,
66: 73,62,
67: 66,69,68,73,64,60,
68: 70,73,67,66,75,
69: 76,73,59,60,64,
70: 72,66,74,71,67,
71: 77,60,66,72,
72: 65,71,69,74,75,63,
73: 63,59,74,65,64,70,77,
74: 66,60,75,78,
75: 69,68,72,77,62,
76: 66,67,74,68,
77: 73,62,
78: 69,71,74,62,66,
79: 80,87,88,90,84,
80: 92,89,91,88,85,
81: 89,79,80,85,84,83,86,
82: 86,84,
83: 85,87,
84: 88,85,80,90,91,
85: 82,91,79,
86: 84,83,87,
87: 81,80,91,83,
88: 89,90,
89: 90,81,86,
90: 88,85,
91: 88,79,
92: 89,
93: 108,110,106,97,103,105,111,
94: 100,102,99,97,
95: 112,102,94,103,109,
96: 110,111,99,
97: 93,96,94,108,106,101,105,
98: 109,110,102,95,105,
99: 102,94,103,98,
100: 110,108,95,107,97,102,106,
101: 105,104,107,95,98,100,
102: 104,100,95,
103: 106,94,
104: 111,93,96,101,94,106,
105: 102,93,
106: 101,103,
107: 98,102,
108: 107,99,103,102,105,
109: 98,103,95,93,100,
110: 105,102,98,
111: 112,96,93,
112: 102,98,104,
113: 122,116,135,133,
114: 127,134,122,123,130,
115: 116,123,114,127,113,130,135,
116: 122,120,119,128,133,
117: 115,129,120,116,118,124,
118: 122,132,126,131,117,
119: 113,114,117,127,129,
120: 132,124,119,135,
121: 123,122,114,116,128,131,118,
122: 127,124,129,133,128,132,
123: 126,114,124,117,118,133,122,
124: 131,120,113,132,119,130,
125: 126,130,133,131,121,124,113,
126: 132,115,
127: 120,126,121,
128: 116,120,126,
129: 114,118,128,130,113,
130: 129,128,114,125,135,
131: 121,124,119,116,114,123,
132: 128,135,131,
133: 127,129,123,125,120,
134: 113,126,127,114,133,
135: 125,126,119,115,113,
136: 141,149,151,139,147,
137: 149,138,144,
138: 137,153,146,141,
139: 140,
140: 143,152,147,144,139,
141: 140,137,147,149,144,153,136,
142: 137,136,147,140,
143: 146,152,
144: 151,146,153,
145: 153,148,149,141,144,
146: 147,150,149,
147: 146,153,139,144,145,150,
148: 144,143,
149: 151,137,147,142,138,
150: 138,152,144,148,139,
151: 153,138,145,152,141,139,
152: 147,140,
153: 152,138,
154: 164,157,168,166,
155: 166,164,163,
156: 166,157,
157: 166,164,155,161,167,
158: 161,160,166,164,159,154,
159: 158,154,155,
160: 168,157,154,
161: 166,162,
162: 161,167,163,154,
163: 158,157,
164: 168,163,165,
165: 156,
166: 155,158,
167: 163,165,166,155,
168: 166,154,156,167,161,
169: 180,176,177,178,170,
170: 180,179,173,171,
171: 170,180,
172: 175,177,178,176,179,171,182,
173: 174,177,175,172,
174: 179,181,178,182,170,
175: 170,173,177,
176: 178,179,
177: 182,181,170,172,
178: 174,170,169,
179: 180,182,
180: 179,174,170,181,176,175,
181: 182,176,170,
182: 179,180,176,174,169,
183: 187,
184: 191,189,
185: 197,189,
186: 188,189,192,193,
187: 197,
188: 184,186,183,189,
189: 187,188,193,190,196,195,
190: 185,183,187,188,196,197,191,
191: 190,
192: 186,195,
193: 192,188,194,
194: 187,191,184,190,195,185,
195: 191,197,185,
196: 197,193,191,
197: 191,183,184,196,186,
198: 199,212,211,206,
199: 208,201,200,203,
200: 209,201,211,204,212,213,
201: 211,205,208,
202: 203,206,201,
203: 198,213,202,
204: 205,211,210,213,206,209,
205: 206,209,210,
206: 198,201,202,213,204,
207: 206,210,209,200,211,212,
208: 212,213,209,206,199,203,202,
209: 213,202,198,212,
210: 204,199,211,207,
211: 198,208,199,210,201,
212: 200,201,199,213,211,
213: 206,208,209,202,
214: 233,218,221,216,227,
215: 234,219,216,232,
216: 226,217,232,
217: 220,236,227,
218: 224,221,216,234,219,
219: 225,214,227,221,220,
220: 230,218,227,229,219,223,
221: 220,224,231,232,235,
222: 221,223,236,
223: 229,219,230,
224: 232,217,219,
225: 234,229,
226: 224,229,
227: 231,234,214,233,224,229,217,
228: 233,229,
229: 214,
230: 216,214,
231: 225,218,224,
232: 233,234,
233: 218,228,
234: 219,226,230,229,217,
235: 216,229,214,222,233,227,
236: 223,231,228,235,229,
237: 241,247,239,238,248,
238: 240,241,245,249,
239: 237,247,249,250,246,240,
240: 242,241,245,237,244,238,
241: 248,244,249,237,
242: 250,238,243,248,
243: 245,249,246,250,248,238,237,
244: 250,238,241,247,248,
245: 237,246,247,248,244,243,249,
246: 244,239,238,240,
247: 241,250,246,245,
248: 247,249,239,246,
249: 242,246,238,
250: 242,243,244,245,240,
251: 267,265,257,
252: 263,267,258,264,261,266,254,
253: 265,261,259,260,267,252,262,
254: 251,259,262,257,255,
255: 262,263,
256: 259,262,260,
257: 258,256,265,268,251,266,
258: 267,255,
259: 264,267,255,
260: 267,268,
261: 267,255,253,262,257,263,252,
262: 259,255,265,268,257,252,
263: 252,268,
264: 253,258,254,262,
265: 261,259,
266: 268,255,264,
267: 261,262,254,263,256,251,
268: 252,257,263,258,251,
269: 273,270,283,
270: 286,283,273,276,277,
271: 276,272,275,270,285,
272: 282,285,277,270,284,
273: 278,270,284,271,
274: 278,279,270,284,277,281,
275: 279,
276: 283,284,272,285,277,274,271,
277: 283,273,271,278,285,
278: 284,279,280,271,
279: 271,284,270,286,281,
280: 282,281,283,272,277,
281: 275,279,269,
282: 284,281,
283: 277,270,284,272,275,279,282,269,
284: 269,279,286,273,272,280,282,
285: 280,278,276,272,281,
286: 279,272,
287: 299,296,301,308,306,304,
288: 289,304,
289: 295,304,
290: 294,289,308,293,
291: 298,305,295,294,290,287,303,
292: 303,295,
293: 290,302,297,291,287,
294: 307,296,287,308,304,305,
295: 289,304,293,301,
296: 299,291,288,292,294,
297: 305,291,294,299,304,308,
298: 300,294,
299: 293,307,
300: 297,304,290,302,308,306,307,
301: 298,295,289,290,287,299,
302: 303,297,293,299,
303: 297,296,288,302,293,
304: 301,291,297,303,302,
305: 289,299,
306: 304,307,305,
307: 306,301,303,288,
308: 306,303,304,
309: 321,
310: 322,329,314,320,326,
311: 318,312,319,320,
312: 325,326,329,323,316,324,
313: 324,316,
314: 319,312,330,327,311,322,326,
315: 320,321,329,326,
316: 317,326,320,330,
317: 313,321,324,310,
318: 312,325,326,316,328,320,313,
319: 329,313,315,314,325,
320: 324,328,319,
321: 325,314,324,317,329,310,
322: 311,327,326,320,310,
323: 320,321,322,317,
324: 316,314,328,320,
325: 319,320,324,322,314,326,
326: 319,323,311,
327: 324,312,317,316,319,
328: 324,317,
329: 326,322,
330: 323,325,317,314,316,328,315,322,
331: 335,341,336,353,345,
332: 331,351,347,334,
333: 337,
334: 337,349,
335: 341,353,351,331,349,352,
336: 345,351,348,346,
337: 333,332,335,348,342,341,
338: 331,344,341,340,334,347,339,
339: 348,337,335,
340: 333,341,352,336,349,
341: 331,338,347,342,332,351,
342: 340,335,347,341,
343: 341,347,346,349,336,351,340,335,
344: 338,350,
345: 349,341,331,
346: 343,332,350,
347: 337,339,
348: 337,346,345,
349: 331,337,345,344,335,
350: 335,345,
351: 335,332,336,347,334,346,339,
352: 344,336,340,334,346,342,331,
353: 349,346,344,352,
354: 363,369,362,360,358,370,373,
355: 365,359,
356: 373,355,362,361,
357: 355,364,359,372,
358: 368,356,362,361,374,370,
359: 358,365,371,
360: 359,363,362,373,
361: 354,368,
362: 375,354,366,356,374,371,359,368,
363: 366,368,370,359,365,
364: 357,358,370,371,356,369,374,
365: 355,373,367,361,359,364,
366: 359,367,374,375,362,363,373,
367: 370,363,364,365,359,
368: 375,362,372,356,364,369,
369: 372,363,359,
370: 365,357,375,
371: 366,359,356,363,
372: 358,361,370,360,
373: 370,361,369,372,
374: 356,373,367,
375: 359,362,356,367,361,368,364,
376: 385,381,388,382,389,
377: 379,382,381,389,384,388,
378: 386,379,
379: 383,378,384,
380: 377,388,379,386,383,389,384,
381: 383,384,387,
382: 381,379,376,386,389,
383: 385,378,377,
384: 382,386,
385: 377,388,379,376,
386: 376,
387: 378,388,380,381,
388: 387,380,
389: 380,384,378,
390: 400,391,
391: 404,392,395,
392: 395,404,393,390,401,396,
393: 396,398,391,399,
394: 403,392,390,399,395,
395: 394,402,399,403,
396: 402,400,399,395,390,392,
397: 396,395,394,404,
398: 397,402,392,
399: 393,398,391,394,
400: 394,396,
401: 400,402,394,398,392,395,391,
402: 393,401,394,399,398,
403: 400,390,
404: 399,402,396,403,390,
405: 423,426,407,
406: 407,414,428,419,
407: 417,422,412,410,
408: 418,414,424,409,422,
409: 406,424,428,410,408,
410: 416,428,421,415,419,
411: 415,424,420,412,428,
412: 420,428,
413: 427,405,424,420,
414: 427,407,
415: 405,426,408,
416: 426,408,420,
417: 415,408,425,
418: 419,412,408,410,426,414,
419: 405,428,427,
420: 405,424,
421: 423,426,407,419,
422: 407,421,408,
423: 417,411,408,
424: 422,409,
425: 406,426,421,405,413,
426: 420,407,406,423,418,408,
427: 416,421,428,419,420,424,
428: 422,417,405,413,427,420,
429: 435,447,437,436,
430: 442,433,
431: 436,441,443,
432: 439,430,
433: 440,431,445,
434: 440,
435: 440,429,431,437,442,430,
436: 448,431,439,432,438,
437: 430,442,435,447,
438: 432,430,429,439,448,444,
439: 430,443,
440: 438,430,
441: 435,430,446,
442: 433,441,432,444,448,436,
443: 435,431,437,446,430,
444: 439,431,437,442,448,
445: 444,439,441,431,435,437,
446: 441,435,445,432,
447: 446,431,441,442,434,
448: 430,429,442,439,437,
449: 461,464,459,450,458,455,
450: 462,463,455,469,465,468,
451: 469,464,452,449,466,461,
452: 460,468,451,462,459,
453: 466,461,467,455,
454: 460,459,465,452,458,
455: 468,452,
456: 458,457,469,466,
457: 463,467,459,456,454,461,
458: 454,453,456,463,466,
459: 469,467,453,
460: 459,466,455,451,463,452,
461: 463,459,453,457,449,
462: 468,461,456,449,469,
463: 452,454,464,449,
464: 461,457,456,
465: 456,458,469,468,449,467,
466: 450,452,462,
467: 455,449,451,454,
468: 467,459,464,469,
469: 465,452,461,459,467,
470: 472,478,
471: 477,488,490,
472: 470,491,478,492,
473: 490,479,472,491,
474: 489,493,
475: 470,480,483,489,474,486,490,
476: 480,482,488,489,475,485,
477: 492,478,473,493,
478: 480,482,481,484,490,492,489,486,
479: 481,490,478,482,491,
480: 478,474,
481: 474,477,471,
482: 478,480,473,488,487,485,
483: 486,475,482,
484: 483,474,486,
485: 470,486,
486: 473,472,
487: 476,482,479,492,472,
488: 485,472,480,484,
489: 490,478,491,
490: 470,475,481,476,480,
491: 486,473,479,480,476,470,
492: 489,481,490,483,
493: 475,487,483,488,492,470,
494: 501,495,512,497,510,514,496,513,
495: 513,503,511,500,504,
496: 504,502,513,508,511,
497: 499,494,508,517,514,506,500,511,
498: 515,496,517,
499: 505,511,507,502,496,495,
500: 502,497,507,516,510,
501: 509,503,511,500,
502: 507,497,510,516,494,513,496,
503: 512,510,
504: 495,500,
505: 500,513,496,502,512,
506: 498,515,514,502,
507: 516,498,511,515,
508: 517,505,515,496,498,
509: 514,502,516,
510: 504,508,509,513,495,501,
511: 512,505,504,495,
512: 513,509,496,516,514,505,
513: 503,509,505,494,507,
514: 496,495,
515: 503,501,516,502,506,
516: 497,498,515,503,
517: 504,508,497,
518: 533,529,519,524,
519: 528,521,527,
520: 534,526,531,535,533,
521: 519,527,530,
522: 531,529,523,536,518,
523: 520,524,532,529,525,
524: 525,536,
525: 520,533,534,526,518,527,
526: 530,532,520,
527: 532,531,
528: 526,532,518,533,521,
529: 536,518,532,525,523,520,
530: 529,525,521,531,527,
531: 523,527,520,
532: 530,523,525,531,520,
533: 530,524,526,521,
534: 520,532,536,527,525,
535: 533,522,
536: 520,537,531,521,529,535,528,
537: 519,526,536,
538: 550,549,554,539,544,546,
539: 560,538,
540: 560,550,554,543,
541: 549,542,547,
542: 559,538,
543: 555,556,560,545,551,559,
544: 539,545,540,543,541,
545: 544,551,556,550,547,553,
546: 541,556,538,547,
547: 543,551,539,544,542,557,
548: 555,554,539,556,
549: 558,547,556,543,
550: 557,555,
551: 549,550,559,541,543,558,553,
552: 548,547,
553: 539,544,555,
554: 542,538,558,555,559,547,
555: 539,546,554,
556: 560,547,
557: 551,543,555,
558: 553,559,538,549,546,
559: 560,558,
560: 558,541,557,546,553,542,
561: 565,570,572,568,567,566,
562: 564,572,569,575,570,
563: 572,573,
564: 561,572,575,570,
565: 562,574,561,569,
566: 568,573,571,565,
567: 566,563,571,
568: 566,561,573,563,564,
569: 574,561,571,568,
570: 567,564,
571: 563,572,
572: 568,567,573,
573: 563,574,575,571,569,
574: 571,564,562,
575: 570,565,567,571,574,563,
576: 582,593,588,
577: 576,590,578,587,585,595,
578: 586,584,582,592,588,585,593,
579: 588,595,591,585,577,
580: 595,581,583,
581: 592,590,587,579,594,585,593,
582: 590,587,592,578,580,
583: 591,588,596,580,585,
584: 583,594,579,595,589,577,596,
585: 581,587,580,586,594,596,
586: 580,589,577,592,
587: 592,581,593,589,578,
588: 589,590,
589: 576,580,593,581,590,584,
590: 577,588,579,586,
591: 576,587,
592: 580,582,588,596,579,583,578,
593: 588,583,590,581,578,
594: 584,596,581,589,590,585,
595: 590,592,576,
596: 576,594,584,
597: 601,604,
598: 602,601,
599: 605,617,615,601,603,600,
600: 607,615,610,598,613,601,602,
601: 612,603,605,
602: 610,613,597,
603: 613,607,614,
604: 598,616,602,597,614,
605: 613,612,603,608,
606: 610,618,605,615,
607: 601,605,617,
608: 611,612,606,
609: 606,602,616,605,607,597,614,
610: 600,599,602,
611: 616,605,610,
612: 607,604,617,609,
613: 601,610,611,616,618,605,
614: 618,612,607,616,617,
615: 614,
616: 604,617,611,599,598,601,
617: 603,607,599,611,606,597,
618: 612,613,
619: 639,637,631,633,620,
620: 619,623,635,627,629,
621: 637,635,629,634,625,640,624,
622: 632,619,631,633,638,621,
623: 626,622,621,
624: 631,628,
625: 622,632,628,624,636,620,635,
626: 627,637,624,622,619,629,
627: 628,640,631,639,621,
628: 620,624,
629: 631,623,632,627,628,619,634,
630: 622,627,635,619,628,638,
631: 620,639,630,628,629,626,
632: 622,629,625,639,638,636,
633: 629,625,628,640,637,
634: 632,622,624,
635: 626,620,630,621,629,624,623,
636: 639,635,
637: 629,625,628,627,632,
638: 637,634,624,630,
639: 631,627,640,623,620,637,
640: 630,637,623,635,634,
641: 649,645,646,655,656,
642: 641,653,649,660,648,
643: 650,656,658,659,645,
644: 658,660,647,649,
645: 650,651,648,659,643,646,644,641,
646: 647,651,650,
647: 651,641,652,660,654,656,
648: 654,641,653,644,643,
649: 643,647,656,
650: 645,648,
651: 648,647,659,
652: 648,653,658,641,
653: 657,656,641,647,
654: 647,651,650,645,660,649,652,
655: 659,641,650,647,657,660,
656: 658,
657: 644,647,649,655,
658: 659,641,657,
659: 658,653,644,
660: 643,651,645,
661: 667,664,669,676,
662: 661,
663: 662,661,664,668,
664: 663,670,668,661,673,
665: 671,666,669,
666: 673,667,662,
667: 668,671,672,
668: 664,666,
669: 662,673,661,674,671,666,
670: 664,665,663,
671: 670,668,661,665,
672: 663,665,667,668,666,
673: 672,665,664,671,675,674,667,
674: 663,670,664,662,
675: 670,666,671,674,664,661,
676: 666,669,667,670,672,
677: 679,681,685,680,
678: 686,677,682,688,679,
679: 677,699,
680: 684,686,689,696,
681: 682,686,688,696,680,
682: 678,694,681,
683: 689,698,
684: 691,698,683,697,692,693,695,
685: 686,689,688,691,681,690,
686: 692,688,677,
687: 691,697,
688: 698,683,680,696,695,
689: 680,696,677,679,699,694,
690: 698,677,699,686,679,685,
691: 678,685,694,
692: 679,695,680,694,690,696,684,
693: 686,682,689,
694: 685,695,683,690,692,
695: 691,680,685,687,696,684,
696: 694,683,695,697,680,
697: 687,683,699,690,
698: 694,691,683,699,677,
699: 691,684,690,681,677,698,
700: