400 
1: 2,3,7,
2: 3,8,5,7,
3: 6,5,2,4,
4: 1,2,3,7,
5: 1,8,
6: 7,2,8,
7: 3,6,
8: 7,5,1,
9: 18,26,
10: 18,14,26,19,20,
11: 24,
12: 25,24,19,17,20,9,18,26,
13: 15,14,24,20,21,12,17,
14: 11,26,20,21,15,
15: 20,16,18,10,25,12,23,
16: 13,21,10,20,
17: 20,24,14,22,19,
18: 12,14,16,13,25,9,15,
19: 18,12,15,
20: 13,22,12,
21: 11,24,26,
22: 20,21,11,25,13,9,
23: 12,18,9,22,15,13,11,
24: 19,10,21,17,12,16,22,
25: 22,
26: 12,15,18,9,16,
27: 42,31,33,28,36,
28: 42,38,35,27,43,36,39,
29: 30,36,41,32,43,
30: 28,36,38,32,
31: 40,43,
32: 35,28,42,31,36,29,
33: 27,37,30,36,42,32,
34: 33,30,27,42,29,
35: 33,37,27,30,31,38,40,
36: 34,27,
37: 34,43,39,29,
38: 27,43,36,29,30,35,
39: 43,29,41,40,28,38,34,
40: 32,27,39,35,38,
41: 31,35,42,37,29,30,40,39,
42: 35,
43: 38,39,37,33,27,
44: 57,49,47,52,50,59,51,
45: 57,58,48,54,51,55,
46: 58,57,49,47,45,
47: 58,48,51,
48: 51,54,49,45,53,
49: 48,58,53,56,52,
50: 57,58,48,59,
51: 47,55,58,53,52,46,
52: 44,58,54,49,
53: 52,54,50,48,57,56,
54: 47,48,46,53,57,58,50,
55: 53,51,46,47,59,
56: 55,53,46,47,51,
57: 56,59,52,44,58,
58: 57,53,46,52,
59: 51,53,45,47,
60: 64,73,70,62,74,
61: 66,62,70,
62: 64,67,65,72,73,
63: 71,74,73,
64: 72,62,70,68,74,67,
65: 63,62,61,60,72,71,70,73,
66: 61,70,
67: 70,60,66,64,61,72,
68: 71,73,70,61,65,74,60,
69: 67,63,66,71,
70: 67,66,64,63,
71: 63,62,67,72,66,70,
72: 65,63,67,
73: 63,67,70,65,
74: 61,70,65,64,67,73,
75: 83,77,88,89,84,80,85,
76: 77,81,91,
77: 83,75,80,85,89,
78: 91,82,83,
79: 85,78,88,86,83,82,89,
80: 83,81,91,84,76,
81: 80,88,83,76,86,91,77,
82: 90,76,86,84,79,87,85,
83: 88,86,78,91,81,
84: 75,91,81,85,
85: 86,88,
86: 81,76,80,89,75,
87: 76,79,81,78,
88: 78,75,76,77,80,86,
89: 79,80,78,86,
90: 75,87,
91: 76,88,82,80,90,86,85,
92: 97,99,102,96,98,101,
93: 94,95,96,
94: 96,101,99,
95: 100,101,102,93,98,
96: 97,
97: 98,102,92,
98: 94,99,
99: 95,102,96,
100: 93,94,101,99,95,97,
101: 97,95,92,98,94,
102: 101,94,
103: 115,110,114,112,105,104,109,
104: 109,114,
105: 110,
106: 114,103,115,104,108,112,117,
107: 104,110,
108: 112,107,115,105,106,
109: 117,105,104,108,
110: 106,114,115,116,111,
111: 104,116,105,
112: 105,106,113,103,
113: 108,104,111,107,
114: 106,110,107,109,104,
115: 114,108,116,103,
116: 115,106,113,
117: 108,105,112,111,103,109,
118: 129,130,121,
119: 125,118,126,
120: 130,118,131,133,124,121,
121: 120,134,118,133,129,130,
122: 124,134,129,
123: 125,119,134,121,
124: 125,129,118,120,134,126,
125: 126,132,121,
126: 129,133,119,
127: 131,120,125,128,123,134,
128: 119,125,126,
129: 123,124,122,127,131,128,118,
130: 126,127,129,134,133,
131: 127,133,125,132,124,123,
132: 125,118,120,133,124,
133: 122,129,120,
134: 120,129,121,124,125,122,
135: 151,139,148,149,146,
136: 151,140,150,141,138,148,
137: 142,135,147,144,152,
138: 142,147,145,151,148,
139: 147,150,136,138,
140: 148,142,
141: 139,150,151,
142: 136,151,143,
143: 146,148,135,
144: 151,143,141,147,145,
145: 139,150,147,135,146,138,142,
146: 152,151,136,139,149,143,138,
147: 141,140,148,150,144,
148: 142,145,151,138,149,135,
149: 150,141,146,
150: 139,146,141,140,
151: 148,139,145,140,152,
152: 142,146,140,
153: 157,160,154,156,155,
154: 155,160,159,153,
155: 161,157,158,154,
156: 155,159,158,153,157,
157: 159,155,156,
158: 153,159,156,157,161,160,
159: 157,
160: 154,159,155,162,
161: 162,160,159,154,
162: 157,159,160,154,153,
163: 165,178,179,
164: 167,169,175,
165: 172,167,164,
166: 170,173,167,
167: 171,173,169,
168: 173,164,170,
169: 179,177,174,
170: 167,176,172,175,
171: 177,166,168,165,163,
172: 170,177,164,178,
173: 163,169,179,
174: 168,163,175,171,165,179,176,
175: 170,173,171,177,163,
176: 179,172,167,175,170,
177: 170,168,172,175,179,
178: 179,174,177,
179: 171,174,
180: 184,185,183,186,
181: 186,182,
182: 180,181,
183: 186,
184: 187,186,180,
185: 180,183,
186: 184,182,187,
187: 185,186,184,181,
188: 201,
189: 202,195,203,
190: 203,202,201,196,197,188,189,
191: 201,200,
192: 191,194,190,202,200,
193: 199,196,202,
194: 197,196,202,190,193,199,
195: 191,200,
196: 194,188,
197: 188,193,192,
198: 199,201,200,
199: 203,189,194,193,200,
200: 197,194,203,198,199,189,202,
201: 197,198,196,193,
202: 194,195,203,199,
203: 198,191,189,
204: 211,212,210,209,
205: 213,214,
206: 207,220,216,219,
207: 215,217,220,211,
208: 212,211,216,215,214,213,
209: 220,215,206,212,216,
210: 204,216,209,212,
211: 207,220,218,217,205,
212: 210,204,208,
213: 214,206,211,219,218,
214: 217,213,204,208,
215: 218,204,
216: 213,218,207,205,
217: 211,209,208,219,212,204,
218: 210,209,
219: 208,207,
220: 207,205,208,204,216,214,
221: 226,227,225,224,
222: 228,227,223,
223: 228,227,221,226,
224: 226,228,225,223,227,222,
225: 227,228,221,224,222,
226: 223,227,222,221,
227: 224,226,
228: 225,221,226,224,222,223,
229: 232,233,236,230,
230: 231,229,
231: 236,233,
232: 235,234,233,229,236,
233: 234,
234: 236,231,
235: 232,231,229,233,230,
236: 233,230,235,234,
237: 247,240,
238: 237,241,240,250,246,
239: 245,243,
240: 242,237,245,239,238,
241: 249,250,
242: 246,248,
243: 239,246,237,245,
244: 247,237,
245: 243,249,
246: 240,237,250,242,244,
247: 249,250,
248: 249,239,245,242,250,243,
249: 238,242,244,248,
250: 249,245,
251: 258,261,264,253,259,260,
252: 251,264,261,265,263,262,
253: 266,263,254,265,261,256,259,
254: 253,258,
255: 263,260,259,254,
256: 261,255,
257: 263,261,258,262,255,
258: 256,261,264,262,259,
259: 264,266,252,251,
260: 265,252,261,
261: 264,252,258,
262: 251,260,255,253,
263: 261,252,253,265,
264: 253,265,260,
265: 257,252,
266: 261,259,252,260,254,262,
267: 271,270,
268: 276,275,270,274,267,
269: 273,276,272,268,
270: 274,272,
271: 275,270,
272: 267,268,270,273,
273: 274,275,271,272,276,268,
274: 268,276,
275: 270,276,273,
276: 272,273,271,274,
277: 287,289,280,286,290,
278: 277,289,290,286,
279: 291,288,
280: 289,287,285,288,282,
281: 279,285,287,291,
282: 286,279,
283: 286,279,282,291,281,
284: 291,282,
285: 290,282,287,281,
286: 282,289,281,284,
287: 290,282,281,289,285,
288: 282,278,277,279,281,
289: 281,283,
290: 289,281,285,
291: 277,288,283,
292: 300,299,296,
293: 295,292,299,
294: 300,295,
295: 294,293,
296: 293,294,297,292,
297: 295,298,294,292,
298: 299,300,
299: 297,295,300,294,
300: 294,298,
301: 314,305,
302: 313,304,301,308,
303: 306,313,311,309,304,312,308,
304: 303,305,313,
305: 304,314,310,307,303,
306: 312,305,302,
307: 309,304,313,302,305,
308: 314,309,304,310,
309: 305,311,
310: 309,313,304,314,302,
311: 307,314,301,305,302,304,310,
312: 302,304,306,309,
313: 307,302,305,308,
314: 304,310,
315: 328,320,322,316,
316: 327,320,
317: 320,
318: 327,316,324,319,322,330,
319: 326,322,325,321,327,
320: 322,330,325,
321: 315,328,
322: 325,318,
323: 329,319,317,320,330,
324: 329,325,323,321,327,318,317,326,
325: 320,330,322,329,
326: 328,324,325,329,
327: 326,315,322,325,317,321,316,330,
328: 325,329,
329: 315,323,326,321,
330: 325,318,327,
331: 322,318,324,
332: 333,
333: 339,336,337,338,343,
334: 342,341,335,
335: 343,337,338,334,333,339,
336: 340,337,338,334,
337: 338,335,341,333,
338: 337,335,341,343,336,340,
339: 335,333,334,342,
340: 339,333,
341: 337,336,333,340,
342: 337,334,339,
343: 336,341,342,333,
344: 352,348,
345: 349,347,350,
346: 352,351,348,
347: 350,344,352,351,345,348,
348: 344,347,352,346,
349: 348,352,
350: 345,348,
351: 347,
352: 345,346,344,350,351,
353: 359,360,362,
354: 366,359,360,353,
355: 363,357,358,362,354,
356: 365,355,
357: 363,354,
358: 366,364,
359: 353,364,365,
360: 358,364,363,
361: 353,355,358,
362: 366,354,359,361,
363: 357,365,364,356,
364: 366,360,
365: 362,364,
366: 354,361,
367: 368,370,372,375,
368: 375,367,370,
369: 374,376,375,371,373,
370: 368,371,375,369,374,
371: 374,
372: 376,373,371,
373: 375,368,369,
374: 373,367,371,372,376,
375: 373,372,
376: 368,367,375,371,374,
377: 379,382,
378: 377,390,386,387,391,
379: 387,392,390,391,383,378,
380: 390,
381: 392,380,391,382,
382: 378,381,377,384,
383: 378,392,
384: 382,385,381,379,377,
385: 390,392,
386: 378,383,382,377,384,
387: 391,380,385,383,390,
388: 377,390,385,389,378,386,381,
389: 388,377,385,392,386,387,381,379,
390: 386,378,377,387,391,
391: 392,379,377,389,387,381,386,
392: 385,387,391,
393: 399,394,398,
394: 396,395,393,
395: 397,400,394,
396: 395,399,
397: 393,400,394,
398: 
399: 393,398,
400: 399,397,394,
