500 
1: 141,78,
2: 97,289,67,463,
3: 277,393,
4: 493,328,295,
5: 17,57,76,90,10,
6: 16,129,
7: 140,10,
8: 4,172,
9: 91,234,155,285,
10: 183,244,21,
11: 15,297,248,13,
12: 178,61,272,145,
13: 320,454,
14: 268,26,484,403,470,
15: 225,62,325,
16: 139,177,170,186,
17: 68,416,344,
18: 122,181,
19: 429,143,48,57,105,
20: 11,385,182,
21: 18,378,
22: 128,147,301,383,
23: 116,354,223,
24: 53,426,386,
25: 491,172,342,233,
26: 211,183,81,104,
27: 477,428,231,201,
28: 498,229,
29: 270,169,458,
30: 187,472,223,228,
31: 485,74,488,248,
32: 27,73,31,417,
33: 269,58,30,14,
34: 336,364,
35: 483,466,88,
36: 193,430,102,323,410,
37: 265,353,106,78,
38: 317,490,473,279,
39: 64,7,
40: 400,150,389,
41: 55,299,
42: 258,199,124,325,
43: 430,131,106,332,487,
44: 454,278,499,445,6,
45: 245,172,
46: 260,484,382,427,
47: 376,323,
48: 130,497,114,454,
49: 344,448,
50: 409,177,361,274,327,
51: 426,159,363,
52: 60,479,81,
53: 498,362,
54: 237,28,192,
55: 88,486,272,428,289,
56: 177,244,
57: 30,288,37,
58: 83,177,350,289,
59: 232,368,447,42,
60: 81,276,21,112,
61: 479,292,390,
62: 226,345,441,300,
63: 442,195,435,341,
64: 190,112,157,206,308,
65: 294,498,126,191,237,
66: 235,488,238,239,
67: 243,21,39,94,
68: 48,266,72,
69: 403,123,
70: 114,68,188,63,78,
71: 294,86,499,358,
72: 219,458,176,
73: 418,16,127,
74: 289,160,420,
75: 320,199,
76: 256,463,163,273,
77: 405,48,264,299,129,
78: 102,352,417,
79: 243,140,209,281,
80: 361,343,20,149,
81: 496,155,144,407,228,
82: 443,3,
83: 435,1,306,96,
84: 339,394,
85: 142,7,
86: 392,83,96,158,
87: 242,441,193,199,373,
88: 333,455,194,
89: 160,451,11,
90: 200,148,445,450,70,
91: 451,131,104,352,319,
92: 187,24,103,395,
93: 201,399,50,225,85,
94: 288,322,
95: 61,490,
96: 260,261,335,462,
97: 178,332,265,281,110,
98: 491,374,
99: 131,449,214,164,
100: 309,225,282,
101: 161,278,
102: 317,106,173,
103: 378,86,54,
104: 88,46,
105: 494,341,220,1,43,
106: 177,323,230,115,50,
107: 14,362,
108: 387,136,340,483,
109: 310,346,
110: 41,99,195,109,161,
111: 419,324,454,
112: 448,150,286,
113: 48,84,
114: 457,239,417,196,
115: 341,361,
116: 306,451,
117: 294,272,170,345,
118: 134,476,500,240,
119: 410,317,461,374,300,
120: 336,146,455,
121: 409,142,180,4,
122: 453,175,238,275,309,
123: 122,226,91,235,
124: 101,306,213,280,62,
125: 38,225,168,491,394,
126: 347,407,267,249,394,
127: 141,38,261,251,230,
128: 97,404,204,181,278,
129: 345,314,232,
130: 453,205,261,88,44,
131: 494,429,105,306,
132: 155,358,
133: 292,446,106,103,44,
134: 356,482,
135: 408,66,405,294,284,
136: 127,297,207,108,
137: 98,431,339,61,356,
138: 299,414,5,387,
139: 124,310,
140: 164,371,
141: 494,105,
142: 59,328,409,176,446,
143: 237,485,
144: 180,147,490,19,481,
145: 461,382,279,
146: 61,134,345,488,
147: 69,477,375,353,
148: 316,117,215,338,
149: 419,195,27,450,299,
150: 216,443,352,241,
151: 392,145,175,264,81,
152: 113,279,418,162,248,
153: 46,451,147,417,293,
154: 240,118,
155: 246,37,
156: 238,146,84,181,
157: 479,422,14,
158: 252,149,
159: 254,200,23,
160: 255,318,283,400,250,
161: 271,317,159,117,393,
162: 331,275,304,364,
163: 237,366,
164: 4,82,199,302,
165: 441,377,213,334,
166: 427,181,
167: 406,5,281,386,
168: 226,4,
169: 131,201,457,282,
170: 422,341,382,237,249,
171: 311,64,272,477,
172: 195,238,182,336,
173: 329,4,
174: 283,101,
175: 321,460,87,98,291,
176: 48,475,
177: 307,112,67,125,77,
178: 129,328,
179: 203,56,297,430,221,
180: 80,269,
181: 356,414,243,440,409,
182: 408,488,276,224,459,
183: 486,464,410,6,256,
184: 178,407,229,334,
185: 422,464,218,327,
186: 178,79,66,485,267,
187: 97,384,
188: 262,364,
189: 312,486,184,253,39,
190: 207,411,237,251,
191: 498,204,238,307,458,
192: 165,125,197,
193: 149,124,364,4,
194: 382,315,
195: 340,138,357,
196: 288,169,
197: 118,160,438,
198: 95,210,
199: 185,
200: 232,435,
201: 311,377,220,
202: 85,145,113,275,
203: 313,469,
204: 458,16,170,199,78,
205: 214,26,261,155,162,
206: 477,166,201,
207: 286,172,229,
208: 114,142,351,199,452,
209: 279,125,18,6,32,
210: 367,243,329,385,
211: 252,486,332,
212: 397,154,202,14,
213: 437,267,282,
214: 455,430,404,344,484,
215: 397,271,208,32,
216: 62,214,89,143,
217: 316,62,
218: 34,361,
219: 77,218,
220: 193,400,
221: 266,289,168,157,171,
222: 135,296,
223: 319,25,376,
224: 358,258,
225: 194,131,
226: 480,25,318,484,
227: 327,325,51,
228: 40,447,
229: 126,359,216,251,
230: 495,187,9,
231: 90,493,
232: 29,225,378,469,
233: 84,418,195,402,
234: 462,18,354,317,72,
235: 88,320,29,122,309,
236: 55,72,286,244,16,
237: 40,54,202,
238: 297,171,368,210,
239: 53,397,482,
240: 244,140,
241: 19,406,253,10,
242: 480,372,
243: 181,337,364,322,389,
244: 322,126,84,304,367,
245: 386,115,
246: 91,322,436,214,
247: 137,353,298,
248: 199,254,311,
249: 67,300,
250: 332,25,430,
251: 494,15,128,
252: 305,178,
253: 492,57,219,456,
254: 227,78,365,362,
255: 65,137,312,251,
256: 499,359,465,99,373,
257: 410,360,
258: 27,483,
259: 320,91,317,64,416,
260: 107,167,
261: 138,212,
262: 156,104,
263: 148,67,
264: 418,100,
265: 320,65,327,396,179,
266: 2,204,242,191,
267: 346,179,
268: 274,364,
269: 367,191,73,131,145,
270: 2,114,121,
271: 454,133,412,
272: 152,190,326,466,
273: 364,489,77,256,
274: 157,143,260,
275: 34,97,240,130,
276: 282,18,92,248,326,
277: 70,193,455,
278: 15,382,11,
279: 260,414,201,55,22,
280: 427,402,
281: 463,309,267,
282: 98,21,387,122,404,
283: 53,52,202,
284: 436,463,
285: 346,254,
286: 327,300,
287: 43,488,455,
288: 425,301,82,247,136,
289: 339,152,74,214,403,
290: 185,256,348,
291: 167,142,
292: 460,335,
293: 116,415,203,292,
294: 392,206,159,78,114,
295: 487,122,351,
296: 26,414,174,38,400,
297: 69,158,232,32,
298: 441,496,456,296,102,
299: 97,163,138,
300: 55,418,290,
301: 104,474,189,
302: 157,317,156,500,278,
303: 44,175,350,447,250,
304: 126,82,38,
305: 341,137,149,
306: 25,314,144,336,269,
307: 86,168,166,161,
308: 466,493,11,
309: 117,219,
310: 364,344,116,
311: 412,188,333,
312: 286,124,349,
313: 83,475,179,248,42,
314: 167,223,283,
315: 240,446,366,234,
316: 126,450,353,
317: 134,385,338,478,
318: 300,419,451,
319: 49,418,146,
320: 145,268,305,181,213,
321: 251,354,345,64,222,
322: 354,278,
323: 5,433,
324: 222,240,381,250,
325: 24,292,379,330,327,
326: 474,414,
327: 107,422,117,26,
328: 299,424,6,118,105,
329: 42,252,115,322,
330: 494,425,337,
331: 259,95,272,364,
332: 186,146,29,384,
333: 357,
334: 148,296,474,134,
335: 195,69,421,368,420,
336: 14,76,415,290,324,
337: 369,69,367,
338: 110,409,394,
339: 61,213,48,397,
340: 474,184,
341: 433,204,
342: 476,322,
343: 108,433,209,
344: 141,201,
345: 244,232,101,
346: 187,317,409,286,
347: 5,309,201,92,
348: 48,324,119,480,
349: 62,78,455,232,28,
350: 124,492,86,312,209,
351: 38,345,
352: 244,403,
353: 361,202,367,141,
354: 276,351,80,
355: 330,385,397,
356: 466,301,
357: 165,280,461,25,72,
358: 54,273,190,
359: 219,405,268,481,
360: 354,103,252,98,
361: 66,196,
362: 375,411,54,61,491,
363: 260,403,
364: 120,258,94,14,228,
365: 183,327,460,292,362,
366: 329,485,284,267,
367: 340,298,344,404,
368: 1,259,
369: 288,30,407,
370: 375,120,331,
371: 197,390,188,430,
372: 339,308,336,
373: 20,308,
374: 264,443,274,
375: 86,459,186,325,
376: 361,286,258,
377: 50,14,
378: 311,39,58,213,234,
379: 485,231,
380: 275,25,148,467,
381: 196,78,238,424,
382: 230,452,89,
383: 173,460,
384: 371,101,164,291,
385: 428,342,
386: 432,243,
387: 318,465,371,494,363,
388: 491,117,158,123,
389: 253,322,356,413,161,
390: 143,487,
391: 411,414,178,
392: 376,151,86,
393: 372,115,239,417,494,
394: 77,378,
395: 60,215,429,363,361,
396: 75,80,376,
397: 490,229,367,
398: 422,480,
399: 250,120,230,484,
400: 135,484,13,431,
401: 207,477,253,403,
402: 96,148,155,
403: 342,278,199,167,
404: 128,466,26,484,76,
405: 106,341,345,
406: 244,380,85,
407: 420,262,
408: 250,227,223,
409: 109,295,1,
410: 313,175,379,
411: 448,143,390,
412: 423,36,383,61,
413: 456,5,
414: 311,56,
415: 123,22,107,149,
416: 494,108,
417: 331,107,169,435,472,
418: 174,256,434,337,
419: 351,400,
420: 188,313,191,
421: 10,229,
422: 111,155,350,231,395,
423: 359,241,76,37,33,
424: 46,139,349,320,
425: 375,127,131,276,302,
426: 86,493,
427: 280,323,279,342,
428: 306,36,338,309,22,
429: 121,269,255,
430: 338,428,24,
431: 83,299,
432: 500,93,
433: 277,15,36,
434: 345,377,
435: 14,404,275,194,302,
436: 445,428,8,
437: 388,164,337,216,
438: 172,214,402,159,
439: 230,118,117,497,263,
440: 88,260,5,26,
441: 407,408,360,
442: 92,17,21,
443: 370,464,
444: 483,255,146,
445: 8,18,
446: 328,70,441,
447: 383,72,
448: 251,119,
449: 155,437,
450: 160,478,
451: 393,326,438,
452: 156,349,192,17,
453: 325,234,
454: 17,13,101,
455: 237,397,
456: 69,248,423,489,
457: 267,102,391,418,143,
458: 330,208,180,
459: 463,221,413,188,
460: 179,290,186,317,
461: 240,151,
462: 374,451,72,
463: 285,42,448,
464: 412,448,486,
465: 340,187,17,90,
466: 109,154,410,359,
467: 180,257,126,475,
468: 288,435,
469: 191,253,392,176,72,
470: 101,336,
471: 59,153,
472: 296,142,419,397,276,
473: 251,336,
474: 333,79,182,64,50,
475: 86,119,451,241,
476: 9,374,427,257,231,
477: 358,14,421,
478: 365,333,146,121,
479: 392,462,316,489,368,
480: 311,226,14,229,61,
481: 113,185,
482: 406,494,
483: 171,92,162,143,252,
484: 57,306,379,
485: 304,194,282,195,272,
486: 307,467,170,
487: 195,454,112,203,248,
488: 470,359,221,330,
489: 69,444,195,158,
490: 300,257,380,298,14,
491: 88,291,80,151,
492: 249,328,236,
493: 142,19,
494: 188,249,199,151,
495: 356,344,
496: 338,160,
497: 208,119,
498: 309,55,299,140,53,
499: 481,205,17,52,
