500 
1: 6,3,
2: 11,3,1,7,
3: 4,7,
4: 2,
5: 7,3,
6: 11,10,1,7,
7: 11,2,10,3,9,
8: 1,10,11,
9: 1,10,5,2,
10: 11,8,9,2,
11: 8,10,9,2,
12: 24,16,
13: 25,21,26,15,22,31,
14: 25,19,22,24,29,
15: 30,13,19,31,
16: 19,15,
17: 30,15,25,16,19,20,
18: 14,25,
19: 29,27,25,
20: 28,18,16,27,21,26,
21: 14,19,29,
22: 27,12,25,29,17,
23: 21,15,
24: 23,19,31,
25: 19,14,16,17,
26: 20,21,12,
27: 28,26,17,25,
28: 20,16,30,
29: 27,28,26,31,
30: 14,12,18,26,
31: 13,25,27,14,15,
32: 44,37,43,
33: 40,44,34,45,42,38,39,
34: 48,32,44,37,38,
35: 36,38,40,37,44,
36: 41,39,45,37,46,
37: 34,42,
38: 42,32,40,47,49,37,
39: 36,40,45,33,34,
40: 48,
41: 33,43,46,
42: 45,47,
43: 47,35,34,38,42,36,
44: 34,48,40,38,39,
45: 43,44,47,39,
46: 37,35,39,41,
47: 45,38,41,
48: 37,34,49,38,41,
49: 34,36,47,
50: 58,56,62,61,55,
51: 60,68,61,63,52,
52: 64,61,66,68,
53: 68,66,69,67,63,51,
54: 69,67,57,60,51,66,
55: 56,66,64,54,
56: 62,52,
57: 59,65,54,61,
58: 62,70,
59: 51,68,64,52,69,
60: 50,61,53,63,58,
61: 50,52,56,69,68,
62: 57,63,54,
63: 57,58,69,
64: 66,65,67,57,
65: 60,51,63,62,53,59,
66: 51,68,62,
67: 62,66,68,54,
68: 65,52,67,63,
69: 58,54,67,63,61,66,
70: 55,63,65,62,
71: 72,91,80,90,
72: 88,82,87,89,83,79,
73: 81,79,90,76,87,71,
74: 90,81,86,
75: 91,87,
76: 82,91,72,81,80,73,
77: 88,76,78,75,91,87,
78: 89,86,90,76,85,75,
79: 82,91,71,84,81,
80: 75,72,73,83,
81: 89,87,71,82,
82: 79,75,89,77,86,71,
83: 82,77,80,
84: 89,74,
85: 75,83,91,
86: 82,90,74,73,
87: 85,86,80,
88: 85,84,75,87,74,81,
89: 81,71,84,82,77,78,86,
90: 74,84,76,72,78,75,80,
91: 85,83,86,72,
92: 94,95,106,96,
93: 101,103,106,97,102,
94: 97,99,98,108,
95: 97,111,
96: 100,92,
97: 95,99,105,109,
98: 100,
99: 108,109,
100: 99,103,104,102,
101: 102,92,99,96,103,108,105,
102: 103,109,95,
103: 110,107,
104: 100,108,107,111,
105: 93,96,101,98,106,
106: 107,105,98,
107: 95,100,97,102,94,
108: 102,109,
109: 99,96,95,107,
110: 104,111,101,97,107,102,108,
111: 94,109,99,103,104,97,102,
112: 113,125,120,129,123,131,
113: 116,118,
114: 116,121,131,115,132,
115: 116,129,125,
116: 114,113,123,122,118,117,
117: 131,127,114,
118: 119,123,
119: 130,128,127,120,114,
120: 121,113,112,
121: 118,117,132,122,114,120,129,
122: 120,113,121,114,
123: 125,129,118,113,121,
124: 129,119,
125: 128,129,123,130,119,
126: 117,122,124,113,121,
127: 132,121,
128: 120,122,124,
129: 125,117,116,
130: 132,131,119,124,
131: 118,114,128,122,130,115,123,
132: 113,122,116,123,128,131,
133: 138,135,141,139,144,136,
134: 141,137,142,136,139,
135: 137,133,
136: 139,144,133,138,142,
137: 134,142,136,138,135,
138: 142,141,136,135,144,
139: 135,144,
140: 139,143,
141: 136,137,144,
142: 141,138,
143: 144,139,141,136,135,
144: 141,136,137,
145: 151,152,147,153,148,156,
146: 149,154,148,
147: 150,157,145,
148: 157,147,
149: 148,145,
150: 155,154,149,147,145,156,
151: 153,149,147,
152: 154,148,153,145,151,
153: 157,
154: 149,153,152,147,146,
155: 150,153,
156: 151,155,157,
157: 149,147,145,156,
158: 165,171,159,169,
159: 174,160,
160: 162,167,169,
161: 162,172,163,
162: 171,169,159,166,167,
163: 160,169,159,
164: 159,173,167,
165: 164,174,168,162,166,
166: 168,169,165,164,
167: 170,160,165,
168: 172,160,
169: 166,162,170,163,
170: 160,169,164,172,174,
171: 160,164,159,158,168,169,
172: 161,159,171,165,
173: 170,160,169,165,
174: 168,173,172,162,
175: 186,181,176,
176: 180,185,189,186,178,187,
177: 182,181,178,188,
178: 175,176,189,184,186,182,
179: 178,180,187,
180: 189,184,176,188,181,
181: 187,185,189,
182: 176,189,
183: 189,181,175,187,180,186,
184: 187,179,176,181,
185: 181,187,
186: 176,187,178,179,189,175,
187: 188,175,189,
188: 182,176,186,
189: 187,182,181,178,
190: 198,191,209,
191: 199,200,
192: 208,199,194,209,
193: 202,210,198,196,203,199,207,
194: 199,209,197,205,204,202,206,196,
195: 197,203,201,204,208,
196: 204,191,209,
197: 196,193,200,
198: 205,196,207,201,
199: 195,205,210,202,206,194,
200: 209,197,202,204,207,
201: 199,198,
202: 190,191,
203: 202,207,190,201,191,192,200,
204: 210,203,195,199,191,
205: 191,199,204,200,
206: 194,193,191,202,210,197,
207: 201,194,193,202,
208: 191,204,205,199,197,210,
209: 207,205,201,208,191,
210: 190,197,209,192,206,198,
211: 212,214,213,215,
212: 222,217,211,
213: 222,211,216,215,219,218,
214: 215,
215: 217,222,214,218,221,
216: 221,213,
217: 218,219,212,222,
218: 220,211,212,
219: 221,220,216,
220: 213,212,
221: 220,218,219,
222: 216,221,214,
223: 241,228,229,233,234,
224: 228,236,
225: 235,234,228,229,238,232,
226: 229,
227: 228,239,241,235,237,230,224,
228: 235,238,240,223,225,230,231,
229: 223,230,
230: 235,225,233,232,241,228,
231: 239,233,228,241,
232: 227,224,231,235,234,240,
233: 228,231,238,239,223,
234: 237,231,
235: 224,230,227,
236: 241,239,237,234,
237: 238,225,
238: 239,230,235,232,240,225,
239: 231,230,240,
240: 223,228,
241: 239,231,
242: 260,251,250,
243: 255,258,251,259,
244: 261,253,
245: 252,243,261,260,247,242,
246: 249,255,259,
247: 246,
248: 243,252,255,246,247,250,
249: 255,244,257,259,251,261,243,
250: 247,260,249,256,243,
251: 243,259,255,257,256,242,
252: 251,249,244,260,247,254,256,
253: 261,247,
254: 242,251,
255: 246,247,253,258,
256: 247,251,253,
257: 258,253,251,255,
258: 260,257,250,255,246,244,247,
259: 257,261,244,242,
260: 250,251,256,246,243,249,
261: 254,242,244,
262: 269,264,271,265,263,
263: 266,270,
264: 269,267,263,268,266,
265: 273,
266: 272,269,262,263,
267: 274,272,270,265,273,266,268,
268: 262,269,266,
269: 266,268,272,265,263,
270: 265,262,274,266,273,
271: 274,266,272,
272: 266,263,269,270,
273: 274,270,268,271,262,265,269,
274: 263,266,269,264,271,267,270,
275: 283,284,276,280,278,
276: 278,275,280,285,277,282,
277: 286,282,
278: 281,280,276,282,286,
279: 280,283,285,287,
280: 276,283,282,288,277,
281: 287,283,278,288,
282: 289,288,278,275,276,283,
283: 287,280,277,281,275,289,
284: 276,279,289,288,280,
285: 279,286,282,287,277,280,
286: 285,280,282,278,
287: 283,289,285,278,
288: 280,278,
289: 286,277,285,
290: 292,294,306,
291: 299,306,305,302,
292: 309,297,290,
293: 300,298,294,299,
294: 305,304,
295: 293,303,291,308,292,
296: 297,307,
297: 301,305,299,306,291,
298: 292,296,290,300,308,
299: 294,300,304,303,
300: 298,303,305,302,307,
301: 302,291,294,296,304,300,
302: 290,291,298,300,292,
303: 300,304,308,293,
304: 301,307,
305: 308,306,291,
306: 302,293,
307: 298,297,
308: 298,292,
309: 305,299,290,297,298,
310: 325,321,319,314,329,311,
311: 319,310,314,324,325,318,
312: 320,327,318,319,315,316,
313: 314,312,322,311,315,326,
314: 311,316,
315: 311,318,319,329,321,330,
316: 328,319,320,322,315,325,
317: 319,318,316,310,330,
318: 314,317,
319: 318,317,322,310,
320: 326,327,330,317,
321: 324,317,
322: 329,324,327,312,
323: 312,315,320,311,319,
324: 321,327,329,323,319,325,
325: 315,319,327,320,318,322,
326: 318,322,312,310,
327: 323,324,317,321,
328: 316,310,320,323,
329: 325,326,312,322,323,
330: 316,322,317,329,
331: 339,336,332,334,341,343,
332: 333,343,331,336,
333: 340,343,335,
334: 342,331,332,335,
335: 342,337,340,336,
336: 331,338,332,
337: 331,343,
338: 342,341,332,336,333,
339: 343,333,332,
340: 335,331,339,
341: 337,332,339,
342: 339,337,
343: 340,334,339,
344: 350,360,345,354,359,351,
345: 352,355,
346: 354,348,344,
347: 355,348,353,356,
348: 350,349,
349: 353,354,360,352,356,350,
350: 344,360,357,355,345,353,347,
351: 350,348,
352: 348,347,
353: 344,360,359,357,
354: 355,353,346,360,
355: 344,345,
356: 351,349,357,352,
357: 348,358,355,344,349,351,356,
358: 359,348,357,
359: 358,350,
360: 347,350,348,
361: 368,377,363,
362: 361,376,
363: 372,365,369,375,362,366,364,
364: 377,375,367,373,376,366,370,
365: 363,371,377,368,
366: 370,361,376,
367: 376,377,365,364,372,361,
368: 362,
369: 376,362,
370: 368,362,365,361,377,
371: 373,374,365,368,
372: 365,375,
373: 371,365,369,367,
374: 363,370,364,
375: 362,366,368,371,364,365,
376: 370,374,371,
377: 376,375,363,362,365,
378: 383,381,391,379,
379: 380,388,378,
380: 383,379,382,378,388,
381: 384,379,380,382,
382: 391,
383: 387,386,390,391,389,
384: 379,389,380,390,
385: 389,378,387,388,
386: 387,380,
387: 378,389,390,380,
388: 385,381,383,382,387,
389: 383,388,
390: 386,384,382,391,388,
391: 386,
392: 401,406,397,404,409,
393: 400,394,396,398,
394: 407,406,
395: 399,407,408,393,406,400,
396: 410,402,398,408,397,393,404,401,
397: 403,408,399,398,396,406,
398: 394,409,
399: 393,395,410,400,398,406,
400: 410,392,395,
401: 404,403,
402: 393,405,
403: 401,399,398,405,404,392,
404: 403,409,
405: 393,400,403,397,409,394,
406: 407,408,405,400,
407: 400,394,401,
408: 393,400,404,403,405,
409: 394,395,396,
410: 406,409,392,401,396,
411: 419,422,
412: 420,415,411,421,424,
413: 411,424,
414: 417,425,413,418,419,
415: 419,414,422,
416: 412,415,
417: 425,416,414,
418: 423,417,425,411,424,
419: 411,420,423,425,414,421,
420: 413,418,414,411,422,
421: 415,424,420,417,425,
422: 420,421,411,
423: 414,417,
424: 415,416,422,419,411,425,
425: 412,416,424,
426: 435,437,440,441,431,
427: 430,431,432,428,
428: 437,434,440,441,
429: 430,439,
430: 428,434,
431: 436,428,433,434,
432: 435,429,
433: 428,434,430,
434: 427,435,439,
435: 434,432,428,440,433,
436: 428,439,438,431,430,427,435,
437: 431,438,426,429,430,
438: 428,426,
439: 430,435,438,440,434,442,
440: 441,442,438,
441: 437,430,440,438,435,433,
442: 441,433,
443: 450,445,
444: 449,446,453,447,
445: 450,448,
446: 453,450,455,448,452,
447: 445,443,448,455,444,
448: 454,447,444,453,445,450,452,
449: 452,451,455,446,450,448,444,
450: 445,455,
451: 455,453,443,452,
452: 453,444,446,451,448,
453: 455,449,445,
454: 452,450,447,446,455,
455: 448,451,
456: 467,471,
457: 469,464,467,468,474,473,
458: 471,464,457,472,461,
459: 468,458,475,464,460,
460: 456,468,469,475,474,
461: 456,465,
462: 458,475,
463: 466,475,464,
464: 471,458,476,468,473,
465: 458,459,
466: 460,459,461,462,471,467,468,
467: 471,462,472,464,456,458,
468: 470,476,456,475,472,457,
469: 462,461,470,458,
470: 476,458,
471: 464,474,472,
472: 464,456,471,462,
473: 470,456,457,468,476,467,464,
474: 468,466,
475: 464,470,459,467,
476: 458,467,462,
477: 489,479,487,494,
478: 482,487,489,
479: 477,493,482,494,
480: 494,488,486,491,484,492,
481: 480,478,
482: 480,489,483,
483: 488,478,
484: 481,493,490,485,
485: 490,479,489,486,
486: 494,492,483,
487: 481,490,
488: 482,484,480,494,481,485,
489: 484,481,491,483,490,
490: 486,492,487,483,
491: 490,489,493,494,481,
492: 487,481,480,493,
493: 492,485,486,
494: 484,482,491,489,
495: 500,496,497,
496: 500,495,498,
497: 499,498,
498: 496,499,495,
499: 496,495,
500: 497,496,499,495,
