100 
1: 43,67,
2: 60,24,94,
3: 80,84,5,98,37,
4: 76,26,18,
5: 74,37,95,51,8,
6: 43,49,
7: 47,61,26,83,78,
8: 48,61,32,9,93,
9: 71,6,87,51,
10: 34,16,12,77,
11: 50,73,84,13,7,
12: 100,47,73,
13: 48,43,66,
14: 57,61,37,34,
15: 12,42,27,88,
16: 52,73,
17: 74,35,31,
18: 97,15,95,73,55,
19: 38,79,80,15,95,
20: 93,15,85,91,
21: 71,51,
22: 98,75,87,13,78,
23: 83,75,42,34,
24: 8,17,41,22,25,
25: 15,62,78,22,8,
26: 22,27,85,19,
27: 99,66,35,
28: 48,2,79,91,29,
29: 3,60,26,67,
30: 27,89,
31: 97,23,37,42,
32: 38,47,46,87,
33: 3,62,8,92,
34: 100,74,37,
35: 10,29,40,
36: 56,26,1,
37: 35,36,49,21,4,
38: 60,15,87,24,
39: 44,40,68,
40: 63,83,81,
41: 94,68,79,21,33,
42: 40,77,57,
43: 77,41,
44: 7,74,
45: 80,72,17,
46: 99,66,
47: 99,71,76,
48: 46,88,
49: 62,12,27,36,59,
50: 96,41,
51: 20,36,
52: 68,93,
53: 12,43,24,8,
54: 19,94,
55: 95,36,
56: 11,62,41,
57: 71,34,27,55,82,
58: 25,12,44,68,
59: 82,14,91,
60: 96,24,5,
61: 70,44,18,98,39,
62: 45,25,96,
63: 31,42,21,27,
64: 100,51,
65: 96,52,
66: 39,58,23,
67: 54,65,91,25,
68: 12,88,49,65,44,
69: 13,66,
70: 57,41,
71: 26,38,96,
72: 12,8,68,
73: 97,44,89,94,
74: 8,63,12,
75: 21,47,
76: 29,55,21,
77: 99,81,19,
78: 22,29,13,41,
79: 69,20,22,77,87,
80: 45,95,13,49,44,
81: 1,51,5,100,96,
82: 12,49,32,
83: 74,65,
84: 93,7,
85: 100,74,
86: 47,9,52,84,
87: 42,21,63,
88: 78,17,93,50,
89: 1,61,
90: 72,82,81,
91: 68,69,
92: 73,67,8,24,
93: 26,9,20,29,
94: 36,19,59,71,29,
95: 91,29,40,11,89,
96: 85,44,
97: 40,70,28,46,
98: 28,86,12,16,
99: 98,56,9,
