400 
1: 6,12,16,
2: 10,13,18,14,1,
3: 13,
4: 17,2,
5: 11,3,13,
6: 14,4,13,
7: 2,6,
8: 4,15,
9: 16,2,
10: 18,9,5,2,
11: 10,16,
12: 8,
13: 8,
14: 18,16,
15: 5,11,3,
16: 5,10,8,
17: 4,16,3,
18: 2,10,
19: 37,27,20,
20: 28,39,
21: 23,25,33,35,
22: 26,38,30,
23: 28,30,
24: 21,35,27,34,
25: 39,26,35,
26: 27,32,20,
27: 33,19,24,
28: 23,34,27,
29: 32,36,23,21,
30: 38,26,25,31,
31: 39,33,
32: 29,27,24,25,
33: 21,32,
34: 24,38,28,36,23,
35: 27,24,21,
36: 26,21,
37: 30,
38: 23,35,28,19,
39: 33,30,28,29,
40: 46,61,56,53,
41: 45,60,42,
42: 53,58,
43: 41,53,
44: 45,61,47,57,51,
45: 49,57,42,
46: 59,62,
47: 53,50,40,
48: 45,54,42,62,
49: 61,62,44,
50: 54,57,46,
51: 45,48,46,
52: 46,57,50,
53: 59,42,
54: 58,48,61,
55: 52,50,
56: 44,48,
57: 42,55,
58: 59,46,45,
59: 53,48,
60: 45,58,47,55,41,
61: 48,47,
62: 61,54,
63: 64,72,73,
64: 68,74,65,
65: 73,71,72,66,77,
66: 65,74,69,
67: 72,63,74,69,
68: 69,74,75,
69: 70,65,71,63,67,
70: 74,73,77,75,71,
71: 65,73,70,
72: 71,67,77,64,
73: 66,67,77,
74: 65,63,
75: 69,66,65,
76: 77,75,67,68,
77: 69,66,
78: 93,87,82,92,
79: 84,78,
80: 91,92,93,85,
81: 86,80,
82: 81,92,87,
83: 85,79,
84: 80,85,89,87,
85: 89,81,80,
86: 89,
87: 86,93,84,
88: 92,
89: 83,79,
90: 84,80,78,
91: 84,80,
92: 82,89,88,78,
93: 91,
94: 95,
95: 109,111,99,
96: 100,107,102,
97: 96,106,
98: 107,96,99,106,
99: 104,108,107,101,
100: 111,97,112,104,
101: 96,98,109,97,
102: 108,101,
103: 100,94,105,
104: 103,111,107,96,
105: 94,104,111,
106: 110,109,104,98,94,
107: 95,110,
108: 95,102,104,109,
109: 102,103,94,
110: 103,96,95,
111: 99,108,101,
112: 107,95,103,108,
113: 121,134,130,131,
114: 125,131,130,135,
115: 120,124,123,133,122,
116: 114,113,118,
117: 124,119,123,126,
118: 132,129,133,116,135,
119: 116,115,
120: 129,118,134,133,
121: 130,115,134,125,
122: 119,
123: 121,127,113,114,
124: 122,117,118,
125: 129,133,132,119,114,
126: 128,132,113,
127: 126,117,121,
128: 124,115,126,122,
129: 131,126,117,127,119,
130: 124,121,133,
131: 114,119,134,
132: 134,113,
133: 128,116,
134: 113,115,132,
135: 126,122,
136: 141,138,
137: 145,136,157,
138: 137,141,145,155,
139: 141,138,
140: 144,155,141,
141: 144,143,
142: 156,149,136,154,
143: 150,148,152,151,
144: 153,148,145,147,140,
145: 155,142,
146: 143,142,137,144,
147: 140,153,149,
148: 146,157,149,150,
149: 145,141,139,154,
150: 146,138,136,
151: 137,152,141,144,148,
152: 138,136,151,150,148,
153: 155,144,
154: 141,144,
155: 144,152,143,
156: 142,144,
157: 140,146,
158: 182,174,178,164,
159: 170,165,173,
160: 170,171,
161: 181,166,169,167,
162: 172,167,180,177,164,
163: 171,158,
164: 178,162,161,
165: 160,158,
166: 175,161,
167: 169,161,182,174,
168: 167,175,
169: 171,163,176,165,
170: 163,174,178,165,177,
171: 175,161,
172: 162,178,173,
173: 165,167,
174: 180,167,179,
175: 164,162,160,
176: 174,162,
177: 176,181,175,
178: 167,180,176,
179: 159,163,172,169,164,
180: 182,
181: 169,166,
182: 173,174,162,
183: 197,191,186,194,187,
184: 187,192,185,198,191,
185: 192,
186: 187,188,195,198,192,
187: 194,197,
188: 190,198,186,193,189,
189: 196,191,184,186,
190: 187,188,196,189,
191: 198,197,186,
192: 184,191,185,194,
193: 197,184,198,
194: 195,186,187,192,197,
195: 194,193,
196: 188,185,183,
197: 185,184,193,
198: 191,196,187,
199: 211,219,200,
200: 204,214,
201: 217,218,211,210,206,
202: 215,200,
203: 217,
204: 200,203,210,
205: 204,200,
206: 204,218,
207: 220,212,219,199,
208: 220,202,
209: 206,212,199,207,
210: 201,203,206,211,
211: 204,218,214,220,
212: 219,204,
213: 216,208,219,200,210,
214: 205,201,
215: 214,218,213,
216: 208,220,
217: 212,205,200,219,
218: 199,
219: 213,200,208,212,
220: 208,204,219,203,
221: 200,220,
222: 245,242,239,246,
223: 241,222,228,
224: 223,233,
225: 242,223,244,
226: 245,246,224,
227: 245,
228: 234,230,244,245,
229: 239,238,241,226,237,
230: 226,231,245,239,
231: 236,240,233,246,
232: 226,243,242,230,
233: 246,229,245,224,227,
234: 230,240,228,
235: 223,226,222,
236: 244,239,230,233,222,
237: 224,242,243,
238: 223,222,
239: 231,241,236,
240: 232,229,
241: 238,224,
242: 237,225,243,
243: 226,238,223,230,
244: 224,223,237,225,239,
245: 234,240,
246: 238,245,224,239,243,
247: 263,249,
248: 255,264,259,
249: 247,252,
250: 264,255,257,
251: 253,256,
252: 259,258,
253: 259,262,
254: 258,264,
255: 259,248,256,250,
256: 250,251,253,260,
257: 260,
258: 265,263,
259: 262,
260: 253,258,256,
261: 249,253,265,
262: 256,263,258,
263: 248,251,247,
264: 257,265,262,250,
265: 258,250,263,
266: 271,267,277,
267: 284,283,272,
268: 271,276,
269: 270,287,278,284,268,
270: 273,287,
271: 282,269,
272: 288,
273: 284,285,280,
274: 284,269,
275: 272,274,266,283,
276: 280,270,274,
277: 276,274,286,
278: 275,286,277,267,
279: 288,280,284,
280: 276,277,285,284,
281: 279,286,267,
282: 275,276,283,281,
283: 279,266,270,
284: 276,266,280,
285: 283,274,267,
286: 280,287,276,
287: 285,284,274,
288: 286,276,284,278,275,
289: 296,309,307,311,293,
290: 302,307,305,
291: 308,297,298,
292: 301,306,290,302,
293: 309,289,291,298,
294: 303,296,311,299,304,
295: 310,294,
296: 310,303,293,290,
297: 293,307,
298: 301,304,
299: 294,289,298,
300: 298,304,
301: 295,304,311,
302: 298,299,295,292,
303: 293,305,290,
304: 300,301,
305: 304,293,309,
306: 300,301,
307: 295,303,305,294,
308: 299,295,297,
309: 300,303,294,
310: 295,308,298,
311: 309,307,295,310,
312: 317,316,322,
313: 322,318,
314: 321,
315: 314,316,312,
316: 328,312,317,
317: 316,319,320,
318: 315,316,317,
319: 320,317,326,325,
320: 327,
321: 312,325,326,313,318,
322: 315,326,321,313,
323: 327,
324: 325,312,
325: 317,328,
326: 327,323,328,
327: 323,316,320,
328: 324,313,325,315,
329: 339,342,331,333,
330: 340,339,
331: 335,333,
332: 331,334,
333: 334,340,338,
334: 342,329,
335: 332,338,
336: 337,329,330,342,
337: 342,335,330,
338: 331,339,333,343,
339: 332,340,334,
340: 337,333,341,329,
341: 333,336,340,
342: 341,331,
343: 334,338,
344: 358,353,
345: 351,356,344,
346: 354,355,357,349,
347: 345,360,
348: 355,354,
349: 354,358,345,
350: 348,351,354,360,
351: 345,349,
352: 349,353,
353: 361,349,344,347,
354: 352,348,355,
355: 359,360,354,362,344,
356: 351,358,355,348,
357: 355,347,344,348,
358: 354,347,344,345,
359: 346,352,356,
360: 356,349,
361: 354,353,
362: 345,356,351,354,359,
363: 375,365,
364: 371,365,382,376,379,
365: 376,368,367,374,
366: 376,371,
367: 363,368,378,380,
368: 366,371,370,375,
369: 372,377,
370: 363,377,374,372,
371: 380,364,373,
372: 370,374,
373: 364,379,374,
374: 364,381,369,
375: 371,381,382,368,
376: 380,
377: 364,
378: 374,369,381,
379: 369,383,364,
380: 375,376,378,369,
381: 373,379,
382: 374,
383: 371,363,
384: 390,398,387,385,
385: 391,395,386,
386: 400,391,387,398,
387: 389,385,390,
388: 390,391,393,396,395,
389: 386,384,397,390,388,
390: 395,
391: 396,393,384,400,
392: 395,389,398,384,
393: 390,399,400,385,
394: 389,398,
395: 398,
396: 390,399,
397: 384,398,386,
398: 390,394,387,
399: 394,388,395,398,389,
400: 390,391,
