1000 
1: 527,603,983,
2: 833,170,337,795,599,
3: 412,607,653,
4: 716,526,74,
5: 312,408,483,931,
6: 807,562,545,
7: 420,660,258,559,503,
8: 740,684,97,
9: 359,16,575,73,537,
10: 997,118,
11: 196,621,466,
12: 282,331,299,
13: 874,430,
14: 986,1000,
15: 923,797,
16: 803,624,198,332,
17: 849,382,233,518,
18: 866,664,613,778,568,
19: 435,161,884,648,404,
20: 974,442,17,
21: 737,723,880,
22: 802,768,704,880,
23: 138,568,955,
24: 610,523,477,
25: 471,169,37,81,
26: 949,476,994,
27: 694,601,117,
28: 965,291,571,216,354,
29: 212,361,
30: 566,600,131,
31: 512,771,261,34,
32: 795,458,974,595,241,
33: 150,70,
34: 731,183,208,497,642,
35: 593,979,682,
36: 242,655,328,
37: 940,776,
38: 302,514,104,896,
39: 627,274,557,849,
40: 892,556,331,931,
41: 823,753,687,205,
42: 726,556,391,190,596,
43: 503,658,794,297,736,
44: 485,710,928,
45: 409,197,454,
46: 420,598,247,
47: 127,663,375,
48: 138,761,270,991,955,
49: 632,239,315,
50: 353,297,181,
51: 428,36,515,648,878,
52: 671,529,931,
53: 395,308,644,596,
54: 422,612,960,
55: 923,14,980,
56: 709,301,410,
57: 144,455,
58: 390,521,591,751,446,
59: 853,866,
60: 212,797,882,100,
61: 697,732,13,
62: 619,878,
63: 657,674,
64: 434,749,912,787,633,
65: 631,851,840,589,302,
66: 689,909,
67: 640,856,
68: 927,538,
69: 612,840,396,943,
70: 439,604,790,511,111,
71: 476,944,182,
72: 801,536,132,636,
73: 14,165,772,583,
74: 788,490,418,28,
75: 22,401,510,143,256,
76: 753,741,23,678,
77: 944,939,531,876,
78: 748,124,201,
79: 244,448,
80: 975,631,
81: 969,18,891,970,161,
82: 522,748,55,
83: 76,398,741,369,354,
84: 34,785,861,298,628,
85: 701,965,235,477,
86: 270,32,217,
87: 336,700,787,
88: 493,773,265,561,9,
89: 819,28,179,
90: 526,282,488,791,782,
91: 462,877,952,411,
92: 713,793,149,966,
93: 438,991,450,
94: 130,90,
95: 659,493,720,
96: 918,375,605,
97: 145,217,466,
98: 36,187,620,345,
99: 784,315,
100: 433,475,
101: 579,392,
102: 61,865,
103: 490,415,
104: 664,399,866,
105: 659,731,937,666,487,
106: 431,497,405,605,
107: 354,886,87,
108: 643,453,621,
109: 58,791,
110: 218,719,735,
111: 220,900,806,41,260,
112: 735,393,
113: 949,649,440,836,891,
114: 23,679,706,136,201,
115: 376,298,405,
116: 821,348,125,409,657,
117: 523,340,984,651,
118: 41,332,470,319,
119: 87,378,
120: 182,322,
121: 396,330,295,233,226,
122: 424,284,598,
123: 27,202,178,
124: 747,433,
125: 123,227,
126: 838,830,
127: 276,176,118,780,
128: 621,488,812,286,
129: 22,149,527,333,379,
130: 799,644,578,
131: 206,629,
132: 512,762,28,
133: 104,224,
134: 7,158,797,432,378,
135: 162,104,999,971,94,
136: 295,591,
137: 270,190,977,230,
138: 522,538,
139: 661,29,
140: 1,339,494,388,
141: 295,271,849,260,412,
142: 681,553,409,87,
143: 957,719,889,
144: 319,123,940,
145: 326,392,820,
146: 725,964,47,736,
147: 653,170,314,413,
148: 306,509,526,158,
149: 353,375,220,
150: 499,177,645,
151: 928,642,966,662,789,
152: 941,36,542,48,
153: 334,257,377,629,
154: 62,902,
155: 485,750,103,580,520,
156: 457,180,
157: 292,620,
158: 768,471,
159: 372,819,
160: 345,184,182,
161: 849,242,817,239,834,
162: 364,461,236,657,
163: 319,266,625,180,
164: 473,630,
165: 579,219,86,181,754,
166: 512,124,
167: 204,676,862,
168: 883,976,194,
169: 992,863,537,426,
170: 72,98,358,925,33,
171: 829,973,853,
172: 284,722,209,243,
173: 188,871,280,
174: 895,613,
175: 47,994,206,149,
176: 608,874,801,
177: 468,532,907,
178: 810,360,449,
179: 857,351,184,
180: 172,320,206,975,303,
181: 825,57,
182: 31,632,784,
183: 591,567,622,
184: 675,504,
185: 334,624,
186: 41,654,
187: 994,539,279,677,814,
188: 478,111,
189: 983,655,917,299,823,
190: 311,154,
191: 896,656,619,75,
192: 525,546,
193: 205,258,225,414,
194: 155,798,659,
195: 902,618,346,524,
196: 276,557,272,
197: 307,504,
198: 159,834,149,191,
199: 678,104,
200: 398,972,391,671,
201: 717,560,562,
202: 459,295,942,
203: 517,218,370,286,574,
204: 772,214,700,368,
205: 789,301,
206: 779,786,
207: 737,370,985,
208: 56,928,738,389,75,
209: 364,412,898,
210: 580,957,80,772,
211: 902,644,769,630,
212: 763,599,
213: 925,96,577,
214: 8,586,15,635,
215: 528,826,497,68,
216: 306,267,276,
217: 339,793,
218: 592,421,478,246,
219: 554,857,
220: 781,43,192,
221: 628,676,
222: 382,927,406,562,
223: 475,477,775,412,780,
224: 553,238,
225: 456,972,
226: 635,682,899,
227: 236,499,858,746,
228: 997,167,
229: 168,717,899,235,
230: 239,63,10,
231: 265,73,498,172,
232: 214,623,
233: 285,641,623,520,310,
234: 132,754,
235: 450,406,597,479,
236: 691,65,
237: 835,948,
238: 355,304,893,
239: 467,471,552,336,
240: 295,80,
241: 420,772,733,944,
242: 213,704,
243: 330,519,948,876,362,
244: 271,716,551,
245: 548,405,765,
246: 135,3,
247: 213,828,
248: 470,960,
249: 442,280,495,
250: 817,183,274,980,
251: 776,997,
252: 659,539,
253: 80,724,77,
254: 304,323,
255: 826,674,333,875,
256: 176,831,929,
257: 511,946,293,
258: 18,741,795,
259: 996,701,540,554,890,
260: 21,77,699,605,135,
261: 556,271,219,723,
262: 105,210,150,433,
263: 998,385,
264: 70,937,326,490,
265: 912,294,
266: 915,267,407,641,52,
267: 159,523,596,657,
268: 189,533,
269: 232,705,140,54,714,
270: 969,107,578,716,
271: 758,418,
272: 689,705,285,154,763,
273: 458,595,37,268,216,
274: 364,686,355,
275: 664,738,355,28,665,
276: 589,891,535,283,35,
277: 303,897,247,359,881,
278: 790,888,390,
279: 887,468,111,369,
280: 923,57,779,413,
281: 469,551,602,313,396,
282: 948,555,607,
283: 8,999,
284: 997,193,916,
285: 311,580,626,770,
286: 306,504,270,
287: 923,667,551,932,
288: 268,688,761,
289: 325,569,
290: 395,536,982,381,453,
291: 780,207,
292: 731,744,
293: 298,332,714,777,269,
294: 6,923,
295: 777,907,
296: 355,340,724,
297: 976,283,877,
298: 405,789,
299: 999,487,663,212,91,
300: 41,191,862,126,
301: 242,465,
302: 481,971,
303: 950,88,152,960,
304: 636,87,
305: 520,80,298,
306: 159,696,992,92,
307: 670,751,
308: 881,384,
309: 472,371,770,279,812,
310: 806,688,817,
311: 612,626,196,634,
312: 459,127,251,406,
313: 918,180,932,
314: 24,237,917,
315: 79,676,653,
316: 334,756,926,
317: 838,178,845,706,988,
318: 362,526,219,
319: 235,597,234,532,636,
320: 146,905,
321: 325,807,226,47,575,
322: 545,268,906,
323: 767,922,
324: 242,972,868,389,597,
325: 526,79,938,931,
326: 801,504,985,724,770,
327: 281,118,978,869,
328: 280,836,50,161,488,
329: 942,911,419,102,
330: 451,613,965,470,292,
331: 385,485,24,
332: 210,740,141,
333: 649,453,833,
334: 390,678,
335: 405,605,810,675,
336: 598,296,688,
337: 740,778,
338: 125,101,492,703,444,
339: 407,975,556,622,353,
340: 954,878,
341: 996,19,852,303,26,
342: 164,859,584,
343: 152,902,
344: 449,658,846,
345: 353,851,796,480,
346: 273,37,972,
347: 295,469,850,769,366,
348: 143,856,
349: 699,551,177,
350: 539,583,
351: 826,861,
352: 286,940,
353: 523,155,545,441,75,
354: 951,691,676,735,
355: 484,963,155,524,
356: 5,557,
357: 877,40,
358: 345,396,250,527,687,
359: 641,328,278,
360: 569,840,748,983,268,
361: 310,804,851,
362: 794,696,171,578,
363: 58,307,
364: 416,987,
365: 259,878,514,
366: 981,820,107,
367: 803,925,
368: 968,644,527,826,710,
369: 482,85,
370: 744,93,511,
371: 677,626,411,
372: 2,794,
373: 591,829,427,642,
374: 769,941,50,
375: 274,36,698,869,
376: 896,334,791,
377: 144,65,612,979,469,
378: 624,181,235,
379: 717,433,658,401,
380: 434,283,520,
381: 423,805,
382: 707,153,416,
383: 667,520,977,
384: 898,946,
385: 22,302,
386: 47,674,709,
387: 786,571,
388: 106,901,
389: 662,983,
390: 896,762,716,826,485,
391: 165,539,667,
392: 177,175,
393: 411,890,928,773,
394: 680,919,759,705,106,
395: 826,486,216,415,587,
396: 711,245,
397: 360,394,574,112,780,
398: 35,302,500,305,589,
399: 798,744,705,
400: 946,466,912,662,264,
401: 259,365,853,86,
402: 901,725,79,
403: 412,698,
404: 974,448,386,681,275,
405: 655,523,209,
406: 87,230,444,376,
407: 565,1000,987,
408: 8,53,978,
409: 186,711,826,
410: 386,723,184,
411: 723,566,984,
412: 914,352,
413: 123,357,629,401,
414: 467,900,
415: 88,379,705,955,183,
416: 605,602,895,926,
417: 974,764,412,416,503,
418: 351,385,140,725,944,
419: 214,157,121,
420: 192,539,88,206,
421: 19,793,320,577,104,
422: 215,652,313,919,
423: 965,797,906,359,306,
424: 52,100,416,483,453,
425: 131,376,868,
426: 324,71,603,469,584,
427: 819,64,451,
428: 728,202,
429: 537,890,692,
430: 911,254,
431: 319,984,
432: 928,317,120,367,991,
433: 746,375,98,264,511,
434: 497,820,
435: 591,886,
436: 625,531,
437: 612,872,240,269,
438: 591,440,219,300,
439: 42,729,
440: 650,821,694,956,
441: 686,108,
442: 169,698,
443: 899,379,7,870,346,
444: 52,21,661,888,394,
445: 458,839,722,
446: 957,313,509,565,
447: 889,859,
448: 20,383,379,
449: 348,124,297,840,312,
450: 781,717,479,867,
451: 497,845,690,994,
452: 787,615,338,983,
453: 616,722,218,752,
454: 307,293,166,
455: 833,647,269,
456: 205,319,
457: 757,573,758,379,
458: 602,873,987,69,765,
459: 934,827,134,397,17,
460: 187,840,
461: 295,594,484,
462: 121,955,
463: 207,106,
464: 693,300,810,
465: 317,728,118,843,
466: 838,454,59,24,108,
467: 792,708,534,
468: 716,336,
469: 158,787,701,
470: 500,987,876,806,
471: 29,310,122,618,852,
472: 984,976,
473: 27,129,595,121,
474: 521,128,
475: 96,857,61,170,
476: 345,573,355,451,
477: 515,435,
478: 559,696,633,325,783,
479: 555,646,662,677,
480: 377,98,54,393,
481: 10,354,261,571,
482: 463,335,602,
483: 920,78,
484: 190,787,857,
485: 165,409,
486: 999,992,
487: 700,170,791,200,667,
488: 819,364,753,681,131,
489: 207,980,769,220,
490: 260,47,
491: 879,216,363,824,
492: 666,293,763,740,
493: 169,483,
494: 284,302,621,407,
495: 802,681,76,15,271,
496: 968,29,37,
497: 794,496,669,
498: 859,550,400,94,
499: 957,266,683,
500: 478,745,109,
501: 223,680,64,
502: 433,304,78,
503: 842,468,
504: 826,816,146,
505: 944,503,60,
506: 675,7,448,208,159,
507: 459,637,267,908,
508: 148,191,31,470,
509: 870,813,591,675,3,
510: 795,233,432,
511: 339,326,298,258,
512: 531,600,941,444,
513: 226,660,
514: 559,255,36,756,22,
515: 674,914,568,822,
516: 488,783,
517: 366,305,619,915,
518: 31,129,264,
519: 573,535,828,646,84,
520: 604,178,521,900,265,
521: 375,29,757,938,313,
522: 726,60,408,750,471,
523: 658,402,550,
524: 948,347,992,376,614,
525: 16,134,684,663,527,
526: 238,618,30,58,
527: 847,87,790,
528: 866,329,727,
529: 837,841,
530: 299,466,933,
531: 316,361,653,20,799,
532: 971,689,218,256,
533: 176,420,
534: 609,775,792,
535: 247,919,
536: 774,75,598,580,663,
537: 109,183,217,
538: 569,92,240,83,232,
539: 178,927,866,
540: 751,5,906,
541: 779,607,799,534,
542: 515,451,969,
543: 609,607,208,
544: 905,873,755,601,866,
545: 487,83,821,849,
546: 569,264,
547: 820,655,454,
548: 555,768,676,200,833,
549: 446,805,553,808,799,
550: 619,772,
551: 864,257,518,199,
552: 66,814,
553: 602,53,
554: 467,34,536,372,
555: 181,381,
556: 555,516,541,
557: 620,178,679,926,88,
558: 913,935,
559: 198,775,
560: 961,769,442,397,834,
561: 175,410,508,913,
562: 131,124,47,
563: 75,160,896,984,502,
564: 885,791,396,721,
565: 86,198,
566: 552,313,555,859,837,
567: 852,980,573,614,244,
568: 470,506,622,839,
569: 441,498,616,
570: 636,784,80,451,
571: 328,829,315,
572: 267,466,457,953,161,
573: 646,107,
574: 427,56,501,893,421,
575: 664,659,
576: 630,234,949,871,512,
577: 809,719,967,302,564,
578: 388,891,
579: 273,966,
580: 445,378,842,
581: 396,955,610,320,9,
582: 782,887,5,677,236,
583: 832,368,
584: 666,421,
585: 773,781,
586: 705,142,44,
587: 699,282,856,259,637,
588: 572,27,552,753,860,
589: 709,560,267,
590: 495,331,209,950,
591: 576,844,
592: 882,722,
593: 6,471,685,812,487,
594: 114,86,615,762,
595: 154,171,678,529,195,
596: 925,992,944,472,99,
597: 407,404,841,232,
598: 778,566,577,653,
599: 882,845,934,761,
600: 529,780,204,603,
601: 644,191,
602: 469,27,557,163,
603: 593,905,397,982,
604: 958,682,112,793,
605: 369,463,575,522,
606: 578,24,
607: 58,51,517,543,
608: 283,870,52,141,
609: 936,531,970,503,403,
610: 248,250,738,
611: 413,827,948,
612: 271,519,
613: 917,873,823,932,
614: 260,741,
615: 676,354,
616: 803,388,206,
617: 508,80,143,
618: 346,703,394,23,
619: 84,327,
620: 244,433,
621: 125,273,193,
622: 914,31,626,
623: 626,33,614,
624: 191,704,605,
625: 347,573,960,509,313,
626: 716,470,265,394,
627: 435,470,71,533,276,
628: 250,890,495,
629: 132,601,661,
630: 691,874,
631: 944,177,57,
632: 192,711,
633: 561,169,966,273,
634: 285,366,256,126,214,
635: 151,396,165,69,
636: 895,294,81,83,92,
637: 361,43,655,
638: 946,22,63,614,
639: 583,558,159,
640: 868,197,150,455,872,
641: 137,521,
642: 222,239,638,361,386,
643: 448,740,31,510,431,
644: 943,211,430,455,780,
645: 90,991,889,928,590,
646: 943,744,737,
647: 39,524,681,
648: 55,15,369,
649: 710,61,974,
650: 129,608,871,255,
651: 390,43,
652: 571,483,92,241,733,
653: 281,618,619,696,
654: 199,510,499,
655: 123,331,
656: 147,675,852,957,
657: 796,816,851,991,
658: 301,742,803,830,
659: 707,206,
660: 263,68,272,781,573,
661: 810,86,
662: 650,274,86,
663: 506,319,983,858,985,
664: 818,894,856,
665: 578,971,201,
666: 179,458,
667: 173,118,515,742,
668: 740,993,32,
669: 572,338,173,492,747,
670: 13,57,
671: 204,918,616,1000,
672: 277,957,668,
673: 689,582,749,851,
674: 340,128,
675: 891,238,
676: 51,369,536,254,
677: 936,555,511,386,503,
678: 312,453,423,874,817,
679: 238,619,555,536,11,
680: 263,990,330,431,
681: 886,46,660,
682: 135,830,493,
683: 561,118,156,428,
684: 451,112,374,74,90,
685: 297,491,
686: 584,572,287,
687: 969,341,429,947,722,
688: 918,125,463,
689: 178,333,611,694,
690: 253,858,
691: 538,150,214,989,
692: 890,8,708,633,
693: 96,59,855,45,
694: 83,30,812,490,223,
695: 123,194,278,310,
696: 607,851,737,359,82,
697: 404,442,281,880,
698: 554,950,703,
699: 451,175,
700: 867,277,
701: 797,427,
702: 978,420,615,339,
703: 796,320,631,515,
704: 377,834,
705: 94,
706: 535,875,70,
707: 354,428,535,665,
708: 833,48,791,
709: 47,618,
710: 767,508,
711: 419,508,166,
712: 851,709,
713: 4,264,833,303,
714: 123,387,340,585,494,
715: 521,142,
716: 596,657,322,415,
717: 198,941,218,531,538,
718: 805,290,50,375,807,
719: 328,981,702,62,
720: 710,607,561,
721: 203,946,391,
722: 837,591,986,
723: 892,729,650,389,994,
724: 36,947,917,
725: 672,955,28,73,537,
726: 257,384,
727: 282,484,966,637,851,
728: 214,247,232,16,832,
729: 774,402,768,483,488,
730: 684,573,
731: 467,555,420,
732: 46,861,723,491,
733: 330,547,
734: 338,531,
735: 41,455,135,
736: 770,403,
737: 719,594,833,
738: 85,531,350,324,99,
739: 329,206,
740: 164,883,910,882,18,
741: 208,874,
742: 811,802,249,844,
743: 937,305,291,
744: 942,894,241,365,937,
745: 10,605,568,240,
746: 374,180,401,
747: 277,440,890,357,
748: 430,255,
749: 218,912,248,776,408,
750: 506,704,
751: 229,992,749,385,330,
752: 961,734,644,522,937,
753: 571,130,778,
754: 120,383,481,288,
755: 392,941,240,278,864,
756: 944,821,435,
757: 635,946,258,57,233,
758: 477,148,669,757,436,
759: 136,393,
760: 412,593,191,
761: 782,954,458,774,
762: 303,246,593,
763: 373,304,
764: 927,28,751,758,
765: 939,842,17,
766: 759,243,240,596,111,
767: 989,745,
768: 523,475,708,703,56,
769: 252,272,
770: 367,679,194,
771: 656,390,484,532,979,
772: 370,14,976,734,
773: 546,540,438,241,325,
774: 859,375,737,964,802,
775: 700,66,
776: 935,165,
777: 614,373,
778: 865,221,265,971,901,
779: 170,907,280,51,
780: 373,618,482,33,842,
781: 952,548,
782: 125,594,14,538,
783: 382,753,691,968,
784: 696,648,385,
785: 404,498,722,
786: 873,563,5,373,
787: 88,799,388,740,84,
788: 907,187,152,10,
789: 143,174,879,852,
790: 676,684,
791: 297,414,629,204,83,
792: 835,852,658,99,
793: 728,824,920,758,535,
794: 174,416,440,215,473,
795: 161,68,
796: 367,309,187,356,772,
797: 546,198,
798: 427,905,734,215,
799: 545,966,409,488,39,
800: 973,183,636,
801: 914,322,500,404,
802: 865,542,565,69,
803: 5,317,68,576,909,
804: 138,139,491,
805: 12,601,418,90,817,
806: 236,829,289,
807: 269,544,655,431,36,
808: 915,906,931,286,88,
809: 269,739,748,
810: 647,842,
811: 740,415,
812: 33,456,513,543,
813: 315,865,469,929,631,
814: 248,754,
815: 253,793,900,803,
816: 436,18,401,
817: 65,380,123,1000,514,
818: 521,950,332,511,824,
819: 412,165,39,802,
820: 842,333,56,
821: 367,837,171,491,295,
822: 354,557,991,46,
823: 244,623,
824: 963,817,928,748,349,
825: 857,582,
826: 381,
827: 507,264,233,
828: 362,52,338,360,
829: 970,408,
830: 548,987,307,504,
831: 912,338,234,
832: 347,544,468,47,694,
833: 558,94,622,927,721,
834: 355,169,14,
835: 151,543,265,440,368,
836: 93,696,452,370,
837: 764,568,
838: 36,75,605,123,
839: 752,31,930,
840: 820,203,777,
841: 390,605,927,
842: 229,364,
843: 947,423,690,727,334,
844: 811,416,977,
845: 969,263,588,
846: 34,439,
847: 589,807,
848: 676,138,465,900,
849: 728,858,950,
850: 974,629,215,946,706,
851: 893,306,69,
852: 433,94,752,
853: 80,93,
854: 389,182,446,416,
855: 502,794,132,187,348,
856: 458,869,867,
857: 940,536,
858: 531,279,
859: 336,295,
860: 235,633,
861: 228,973,441,
862: 763,388,
863: 547,631,
864: 738,650,286,837,493,
865: 248,507,
866: 378,154,808,591,
867: 73,910,983,
868: 2,661,468,
869: 262,840,718,568,267,
870: 841,895,310,294,
871: 560,147,555,
872: 818,135,736,477,
873: 997,233,226,169,
874: 262,564,239,427,
875: 142,494,947,395,106,
876: 978,556,725,
877: 479,220,277,607,265,
878: 186,194,626,783,
879: 29,801,528,855,742,
880: 46,19,755,
881: 718,204,470,
882: 339,850,720,619,
883: 180,878,
884: 428,291,477,
885: 403,359,110,
886: 517,613,773,
887: 47,194,236,880,
888: 73,999,134,374,672,
889: 283,524,969,665,508,
890: 516,489,596,
891: 210,708,
892: 294,260,618,645,6,
893: 28,555,972,287,312,
894: 918,921,
895: 248,352,
896: 268,294,866,924,3,
897: 842,528,611,
898: 127,725,
899: 255,324,102,35,
900: 805,988,382,777,
901: 458,5,152,
902: 96,863,56,168,
903: 755,499,992,486,
904: 73,360,972,32,
905: 812,545,956,123,
906: 733,25,
907: 943,415,
908: 125,1000,608,
909: 763,386,218,
910: 835,255,
911: 455,483,716,353,278,
912: 867,101,
913: 394,881,406,
914: 998,762,
915: 710,680,560,
916: 369,
917: 724,517,
918: 986,70,914,
919: 775,771,
920: 30,865,62,762,158,
921: 429,462,318,626,
922: 460,153,92,688,222,
923: 771,525,377,
924: 880,957,745,824,5,
925: 459,622,483,205,
926: 766,610,252,
927: 493,159,325,
928: 595,639,
929: 392,753,
930: 867,607,237,491,243,
931: 325,812,
932: 687,238,
933: 293,690,863,909,37,
934: 935,98,
935: 190,400,
936: 536,338,
937: 781,265,99,
938: 345,910,
939: 594,485,687,580,
940: 153,896,
941: 707,481,
942: 835,890,467,
943: 645,197,678,770,822,
944: 35,18,
945: 587,831,333,
946: 628,14,357,
947: 861,596,335,675,853,
948: 178,126,164,516,67,
949: 139,31,857,781,
950: 850,858,93,558,715,
951: 540,653,322,220,
952: 639,332,741,764,43,
953: 421,611,267,
954: 409,432,429,464,
955: 674,222,439,333,
956: 109,433,107,6,
957: 239,253,802,
958: 858,361,
959: 55,438,
960: 246,632,179,
961: 807,546,677,
962: 618,25,828,97,561,
963: 54,662,
964: 569,719,529,550,889,
965: 62,651,
966: 466,71,759,431,
967: 430,805,535,
968: 774,956,182,
969: 135,531,
970: 49,436,
971: 564,359,219,
972: 265,785,520,978,
973: 738,646,739,126,
974: 427,454,507,74,903,
975: 125,72,457,846,
976: 734,798,
977: 589,598,807,543,437,
978: 205,536,818,547,
979: 403,809,755,873,686,
980: 972,698,
981: 40,52,
982: 463,725,575,643,
983: 454,708,195,
984: 428,676,926,286,377,
985: 91,111,735,
986: 329,512,103,644,
987: 242,357,966,438,
988: 899,742,714,293,
989: 320,833,338,895,
990: 531,423,74,
991: 836,387,582,422,
992: 933,500,
993: 60,237,267,
994: 335,298,
995: 700,328,
996: 954,453,609,
997: 441,580,
998: 499,117,
999: 944,810,162,671,315,
