700 
1: 10,14,6,9,16,
2: 5,4,
3: 4,2,
4: 10,2,1,
5: 4,6,12,7,14,3,2,
6: 17,4,2,9,1,
7: 2,8,12,5,16,
8: 14,17,15,2,
9: 13,6,
10: 4,2,7,5,
11: 13,1,5,8,2,9,
12: 1,13,14,17,11,
13: 8,17,1,12,7,9,
14: 12,10,15,
15: 17,6,3,7,16,8,
16: 1,8,15,17,
17: 9,10,6,4,15,12,
18: 31,22,28,
19: 26,18,32,38,28,24,
20: 18,24,
21: 18,29,39,
22: 25,35,
23: 18,29,38,34,28,31,
24: 23,34,33,20,37,
25: 27,20,21,36,
26: 36,22,
27: 26,37,34,20,22,28,
28: 29,36,25,
29: 19,
30: 32,21,38,31,
31: 35,27,21,24,36,30,34,
32: 22,31,
33: 24,
34: 31,33,20,23,21,
35: 27,24,25,
36: 21,33,
37: 22,29,19,
38: 25,35,39,29,
39: 25,
40: 44,49,41,56,50,51,
41: 45,49,53,60,47,50,55,
42: 46,58,57,47,49,59,
43: 48,47,45,58,44,
44: 45,43,55,
45: 48,46,54,60,47,55,57,
46: 41,
47: 54,46,59,58,
48: 56,50,52,
49: 52,58,
50: 51,42,52,
51: 59,57,50,47,45,40,43,
52: 53,47,
53: 41,44,60,48,49,
54: 60,48,59,47,
55: 59,54,40,
56: 53,41,59,42,43,
57: 53,58,
58: 50,49,51,43,
59: 40,51,54,57,58,
60: 49,53,42,50,45,58,
61: 74,75,63,62,76,66,
62: 61,70,65,71,73,
63: 72,69,76,64,
64: 67,77,66,76,63,
65: 72,62,61,
66: 64,65,
67: 75,74,64,63,
68: 66,63,72,69,65,
69: 65,66,72,73,74,
70: 62,77,72,
71: 75,61,74,69,63,68,
72: 69,67,70,71,74,64,76,
73: 75,61,74,
74: 62,73,65,70,69,
75: 74,61,
76: 69,77,73,
77: 76,71,
78: 94,81,95,99,89,
79: 92,99,100,
80: 93,78,91,
81: 101,78,95,82,87,
82: 81,84,99,
83: 84,80,78,82,
84: 94,89,
85: 87,95,94,
86: 97,79,
87: 101,92,94,80,86,
88: 90,99,93,85,
89: 96,94,84,85,
90: 92,87,79,98,93,94,
91: 79,78,87,81,101,
92: 100,97,79,96,85,
93: 99,94,89,
94: 90,84,91,97,101,
95: 93,94,79,
96: 86,87,100,
97: 81,100,93,78,82,87,
98: 91,94,86,89,99,
99: 94,98,86,84,82,88,
100: 84,82,
101: 95,87,89,80,94,79,85,
102: 104,115,119,116,
103: 115,116,113,
104: 103,109,107,123,
105: 115,123,117,109,
106: 112,107,102,114,121,118,
107: 110,111,113,
108: 107,116,110,
109: 106,112,123,104,119,122,113,
110: 122,103,108,
111: 122,
112: 104,116,114,121,
113: 120,
114: 122,113,112,
115: 110,118,119,
116: 117,111,
117: 104,120,111,121,122,
118: 104,111,116,123,
119: 112,122,123,
120: 111,105,118,123,122,116,114,
121: 120,122,110,114,
122: 109,123,
123: 117,119,104,
124: 131,136,140,138,132,134,146,144,
125: 141,131,134,124,140,132,
126: 133,138,132,139,140,129,
127: 124,145,129,
128: 131,139,137,140,135,
129: 131,140,
130: 142,145,126,143,
131: 146,136,
132: 124,143,139,128,138,127,146,
133: 125,144,145,142,124,
134: 132,139,
135: 141,124,146,137,136,142,
136: 132,145,141,
137: 134,136,146,
138: 132,130,125,
139: 143,124,136,145,138,
140: 144,132,124,134,125,127,129,135,
141: 129,143,142,130,
142: 138,143,135,140,
143: 135,141,139,126,142,
144: 127,132,
145: 141,137,
146: 126,132,124,133,137,144,
147: 149,153,160,162,148,154,
148: 159,161,150,
149: 148,162,154,
150: 159,154,156,149,157,153,
151: 154,161,
152: 148,160,153,156,
153: 151,158,159,162,161,
154: 149,156,
155: 156,147,154,
156: 151,
157: 152,149,158,
158: 147,151,156,161,
159: 152,156,151,148,154,150,161,155,
160: 152,158,153,150,
161: 151,147,156,154,155,
162: 148,157,154,158,156,
163: 175,187,184,
164: 163,183,184,168,187,182,
165: 175,170,
166: 169,185,184,164,171,
167: 173,177,174,186,
168: 169,163,184,176,167,180,177,
169: 165,182,175,186,176,187,
170: 175,169,181,185,182,184,172,
171: 181,166,185,
172: 186,181,175,170,168,167,
173: 186,183,
174: 185,167,176,172,170,179,
175: 169,184,187,174,180,
176: 173,165,170,166,183,
177: 173,174,185,184,166,164,
178: 183,167,
179: 184,176,
180: 164,165,
181: 167,168,165,
182: 167,168,186,164,
183: 187,175,173,163,167,170,184,186,
184: 172,168,
185: 166,182,187,
186: 187,185,175,163,177,
187: 168,181,
188: 200,196,189,190,202,
189: 193,188,190,192,200,202,
190: 205,198,193,195,194,
191: 188,197,199,
192: 190,204,202,196,194,191,
193: 201,198,188,203,195,
194: 191,204,
195: 188,200,198,192,190,197,199,
196: 201,198,194,
197: 205,188,
198: 201,205,
199: 191,193,202,
200: 199,197,189,194,
201: 190,200,205,196,
202: 196,
203: 194,205,
204: 202,201,205,190,200,195,
205: 198,195,
206: 210,220,213,
207: 214,206,
208: 227,220,207,228,222,
209: 223,227,217,207,210,
210: 212,206,218,216,208,213,226,228,
211: 215,207,213,222,208,
212: 221,211,220,
213: 227,226,216,
214: 208,225,213,
215: 221,219,226,
216: 206,226,210,207,213,225,
217: 206,210,219,223,218,207,
218: 227,216,214,209,220,222,
219: 221,209,225,
220: 213,209,217,
221: 211,224,220,215,
222: 211,223,220,207,206,226,
223: 220,208,226,225,221,
224: 212,219,223,218,
225: 224,226,214,220,206,212,
226: 220,
227: 215,220,208,
228: 208,221,225,217,207,214,
229: 244,241,231,234,236,
230: 241,242,231,243,
231: 239,245,229,240,
232: 230,235,245,233,241,
233: 241,230,242,239,
234: 230,244,231,239,229,236,
235: 240,232,241,
236: 242,233,231,232,230,237,235,
237: 235,240,241,242,232,244,236,245,
238: 229,243,242,244,235,
239: 244,241,232,230,235,245,231,238,
240: 232,229,241,235,230,242,
241: 239,242,236,231,
242: 234,240,231,
243: 240,241,242,230,231,
244: 235,238,234,242,229,239,232,
245: 237,240,232,235,239,234,
246: 249,248,255,260,256,251,
247: 261,253,255,268,264,
248: 264,260,253,
249: 258,266,
250: 253,248,251,247,257,258,
251: 254,247,257,253,249,262,
252: 253,257,264,256,249,
253: 254,250,267,263,251,264,
254: 252,268,246,261,259,262,265,
255: 267,260,251,
256: 255,246,252,262,
257: 264,246,265,249,250,248,251,
258: 267,266,246,257,249,
259: 254,255,251,250,
260: 264,251,265,247,250,255,
261: 266,253,254,
262: 246,
263: 264,252,261,251,
264: 263,262,250,
265: 247,261,268,257,252,
266: 248,262,268,259,260,
267: 246,258,253,249,
268: 247,251,252,
269: 281,273,282,285,276,
270: 280,279,283,285,281,278,
271: 270,285,280,284,
272: 275,
273: 277,272,275,283,270,281,
274: 284,283,
275: 283,
276: 269,275,284,282,
277: 280,271,
278: 276,281,282,279,273,270,
279: 282,272,273,275,
280: 281,283,274,269,275,
281: 275,269,
282: 273,272,278,274,271,277,285,
283: 281,271,273,277,282,285,
284: 282,275,272,277,274,278,
285: 279,282,281,270,277,272,283,
286: 288,294,290,298,287,
287: 292,291,299,290,293,
288: 290,301,300,293,
289: 296,301,
290: 299,301,300,287,288,
291: 297,301,287,288,294,
292: 293,301,297,298,
293: 286,287,295,301,297,289,
294: 287,
295: 297,290,298,286,
296: 290,289,293,294,288,
297: 290,300,292,289,291,298,
298: 291,289,297,286,295,290,
299: 294,292,295,287,290,
300: 291,293,299,287,288,
301: 289,299,294,296,290,
302: 305,308,319,
303: 319,311,310,302,
304: 314,310,307,322,320,
305: 320,311,323,
306: 303,316,320,324,319,318,323,
307: 319,302,317,321,305,313,
308: 302,315,323,312,319,318,
309: 302,319,
310: 302,308,315,316,319,307,
311: 320,309,308,321,317,314,305,
312: 314,307,321,323,308,317,
313: 307,302,318,309,
314: 324,312,310,302,
315: 305,314,
316: 313,323,307,322,
317: 306,309,311,302,316,
318: 303,316,323,314,320,304,
319: 320,322,314,307,318,308,309,317,
320: 318,305,312,319,
321: 324,303,306,304,302,314,322,
322: 314,315,303,
323: 321,320,314,319,309,311,
324: 303,318,315,304,307,
325: 336,330,337,
326: 336,332,341,329,
327: 325,343,332,
328: 334,336,331,
329: 341,333,342,336,326,
330: 340,334,335,325,338,333,341,
331: 336,343,326,342,
332: 339,341,325,334,
333: 339,330,332,343,328,329,
334: 341,329,331,
335: 327,328,
336: 326,341,334,342,331,
337: 343,325,
338: 327,334,
339: 337,340,342,327,343,333,
340: 328,339,
341: 326,
342: 334,338,339,337,
343: 335,336,341,326,331,
344: 352,347,348,349,
345: 354,357,344,
346: 348,360,356,347,
347: 351,360,355,348,359,352,361,
348: 356,355,344,
349: 361,355,358,356,347,350,
350: 344,354,357,345,
351: 345,356,
352: 345,354,347,357,351,350,
353: 361,346,
354: 346,356,359,350,360,355,
355: 357,351,354,347,352,345,349,350,
356: 352,345,361,351,357,
357: 348,354,356,351,345,359,
358: 348,347,357,349,355,356,
359: 348,351,354,356,361,
360: 344,352,357,358,348,
361: 357,360,350,354,
362: 367,371,
363: 376,372,
364: 377,373,375,365,362,
365: 371,373,362,
366: 372,368,371,375,
367: 371,372,366,376,
368: 371,376,372,362,364,365,
369: 363,376,366,372,375,367,
370: 369,363,362,377,373,
371: 364,368,377,372,
372: 377,364,369,374,373,
373: 364,376,367,375,377,
374: 363,364,362,370,
375: 363,366,
376: 363,375,372,374,370,
377: 368,366,
378: 386,380,379,381,390,392,
379: 378,384,390,391,385,393,380,382,
380: 388,378,381,391,386,
381: 391,393,392,387,
382: 386,387,378,381,
383: 392,
384: 394,390,378,
385: 389,381,380,390,378,
386: 383,385,378,382,391,394,
387: 388,380,
388: 391,383,386,394,390,
389: 381,379,385,380,383,
390: 389,384,381,
391: 385,384,386,
392: 384,380,382,391,389,387,379,
393: 379,384,388,391,382,392,
394: 379,386,390,
395: 408,401,400,
396: 403,398,
397: 409,413,408,407,398,
398: 403,400,395,
399: 402,408,403,
400: 407,396,398,
401: 404,398,
402: 403,397,395,398,
403: 404,407,408,406,
404: 408,403,410,407,409,397,406,
405: 395,404,408,398,
406: 403,397,404,410,411,
407: 408,396,
408: 407,401,397,412,411,396,
409: 395,406,396,399,
410: 409,398,412,
411: 403,405,401,404,399,406,
412: 409,411,413,396,397,
413: 408,409,
414: 419,431,423,
415: 422,430,420,414,
416: 425,415,
417: 422,423,421,431,419,
418: 430,420,421,424,
419: 423,421,
420: 421,426,417,
421: 424,415,
422: 428,420,
423: 416,420,426,421,429,
424: 430,422,414,
425: 426,
426: 417,429,414,418,
427: 423,416,
428: 419,427,418,424,430,
429: 417,421,427,419,
430: 417,420,429,419,424,414,
431: 422,417,430,416,420,
432: 450,441,
433: 450,435,440,444,437,
434: 449,438,445,435,433,442,441,
435: 447,441,450,449,
436: 434,440,439,438,437,
437: 442,432,443,447,436,439,
438: 440,444,447,
439: 448,436,441,
440: 437,445,439,433,
441: 435,434,442,436,447,450,
442: 438,447,450,443,435,
443: 439,444,436,442,
444: 446,437,439,
445: 439,450,
446: 432,443,444,440,447,434,
447: 445,446,
448: 437,433,
449: 433,447,445,443,436,
450: 435,445,438,442,
451: 456,453,457,464,458,
452: 454,456,466,460,464,
453: 462,459,461,454,
454: 457,458,466,
455: 466,464,460,454,
456: 460,
457: 453,464,458,454,
458: 454,455,460,
459: 466,457,462,451,
460: 454,451,466,456,453,
461: 463,465,460,464,453,455,
462: 463,454,458,464,
463: 455,456,
464: 457,458,465,
465: 455,453,466,451,
466: 458,453,455,
467: 475,482,480,484,
468: 489,483,475,484,480,485,471,
469: 476,474,483,468,485,488,
470: 486,483,478,482,479,467,480,
471: 478,474,
472: 470,488,467,
473: 476,489,467,470,488,
474: 476,477,
475: 468,470,481,478,
476: 470,473,487,482,
477: 484,488,485,472,
478: 477,472,489,475,
479: 481,489,471,477,480,486,482,487,
480: 476,471,483,470,469,
481: 487,478,483,469,476,475,467,
482: 488,470,475,481,471,486,468,
483: 481,468,477,
484: 475,472,470,481,482,486,
485: 473,471,474,475,472,
486: 481,472,469,467,480,
487: 469,488,478,
488: 471,474,477,473,470,
489: 481,482,
490: 512,510,
491: 502,499,503,508,512,498,504,490,
492: 501,491,500,504,502,506,
493: 501,492,497,512,506,508,
494: 507,511,505,
495: 491,494,499,505,
496: 494,511,
497: 493,492,508,501,499,
498: 510,502,511,495,512,
499: 512,508,513,490,509,506,
500: 497,503,499,505,507,
501: 511,498,505,491,500,
502: 507,510,497,493,500,504,
503: 492,506,505,508,500,
504: 503,491,498,511,492,
505: 498,495,497,511,506,513,
506: 499,493,
507: 493,495,501,491,513,
508: 494,501,496,502,
509: 498,497,505,507,
510: 512,509,496,
511: 492,509,504,508,501,496,506,
512: 491,506,508,503,509,
513: 491,490,508,502,506,
514: 518,528,526,519,520,524,
515: 521,526,518,527,524,519,
516: 526,522,524,525,517,519,
517: 524,516,514,521,523,
518: 525,519,520,521,
519: 517,528,518,520,
520: 528,525,521,527,
521: 525,519,514,523,515,527,
522: 524,525,517,
523: 519,514,520,528,515,
524: 515,521,520,514,
525: 520,519,526,516,528,
526: 527,518,517,523,525,
527: 517,520,
528: 514,518,525,523,
529: 550,536,
530: 549,536,
531: 529,545,540,
532: 548,552,544,
533: 537,551,550,529,
534: 531,545,
535: 547,533,544,531,538,
536: 547,553,531,
537: 541,547,533,551,543,
538: 552,
539: 530,553,548,
540: 538,552,535,550,542,
541: 547,529,553,542,548,531,
542: 547,552,550,
543: 551,534,545,552,
544: 537,547,550,541,546,
545: 544,539,537,534,
546: 530,547,551,539,
547: 542,539,546,536,537,529,
548: 547,536,
549: 545,531,540,533,535,
550: 535,530,544,536,546,
551: 548,549,535,534,543,553,538,
552: 541,550,533,537,540,532,546,
553: 544,534,538,
554: 569,561,556,
555: 573,570,568,563,559,556,
556: 570,566,555,572,563,571,
557: 566,564,569,568,561,556,558,562,
558: 577,557,571,565,556,
559: 574,560,556,577,576,564,
560: 574,573,557,555,572,
561: 574,560,575,564,576,555,558,568,
562: 564,556,566,
563: 564,555,577,571,569,573,
564: 566,554,
565: 569,562,573,576,559,567,
566: 571,568,576,
567: 574,565,
568: 559,564,570,557,558,
569: 571,575,555,557,576,567,554,
570: 563,574,
571: 569,575,
572: 566,554,559,
573: 576,567,
574: 567,573,
575: 576,558,574,570,555,
576: 567,558,572,565,
577: 570,558,
578: 590,579,
579: 587,584,586,
580: 591,590,592,582,587,581,583,578,
581: 588,592,
582: 588,587,591,580,586,
583: 579,587,589,578,
584: 588,580,586,587,
585: 578,586,587,580,583,
586: 587,
587: 588,590,594,592,
588: 594,583,590,578,589,
589: 581,580,
590: 589,594,582,584,588,
591: 583,584,
592: 593,585,584,582,588,
593: 592,588,586,594,
594: 592,589,582,579,586,580,
595: 609,605,610,607,596,602,608,
596: 601,613,604,610,
597: 601,600,607,
598: 611,608,596,610,612,604,
599: 605,609,611,612,601,
600: 608,613,599,610,
601: 599,597,
602: 608,595,609,
603: 601,613,607,
604: 600,598,596,597,602,607,
605: 601,607,
606: 601,613,596,607,
607: 601,
608: 595,601,
609: 603,601,597,611,
610: 597,601,612,606,
611: 612,599,613,600,604,606,
612: 605,603,611,
613: 597,609,595,611,601,607,
614: 615,622,624,
615: 637,614,
616: 623,630,627,
617: 637,
618: 627,631,621,
619: 637,633,636,622,
620: 614,623,622,627,636,637,
621: 623,635,
622: 628,633,623,636,
623: 624,626,628,619,614,616,622,
624: 630,620,626,
625: 623,615,618,635,621,631,636,637,
626: 633,637,
627: 629,615,618,621,637,
628: 625,621,629,
629: 627,
630: 634,614,631,616,
631: 634,620,
632: 621,616,623,
633: 634,629,619,630,
634: 625,620,636,628,
635: 616,624,633,636,637,
636: 615,616,632,623,633,630,635,629,
637: 636,621,620,632,630,
638: 641,639,
639: 650,647,652,
640: 644,642,653,647,638,654,
641: 646,645,
642: 647,652,639,
643: 645,642,647,644,654,655,640,
644: 651,640,648,641,
645: 653,654,649,646,643,
646: 650,648,644,
647: 655,643,
648: 645,643,649,
649: 655,643,642,
650: 654,648,
651: 647,650,654,655,653,643,
652: 644,647,642,640,646,655,649,
653: 647,643,
654: 650,645,644,646,
655: 654,638,646,
656: 669,672,664,678,663,
657: 660,672,
658: 664,672,668,657,
659: 676,675,657,667,658,
660: 671,676,673,657,
661: 662,678,669,
662: 668,670,666,
663: 676,669,665,672,668,674,675,
664: 660,671,677,656,674,
665: 674,667,
666: 679,668,674,670,657,
667: 656,660,664,661,658,671,
668: 677,675,659,
669: 657,679,664,677,
670: 672,664,
671: 666,673,676,656,
672: 669,664,665,666,
673: 677,661,668,
674: 672,660,658,665,662,
675: 661,670,666,673,
676: 678,658,679,
677: 671,669,672,665,674,660,663,657,
678: 675,666,673,663,659,660,668,
679: 677,657,660,673,669,666,
680: 700,685,
681: 684,693,
682: 698,700,683,691,684,
683: 684,691,700,682,687,
684: 680,699,682,690,700,
685: 697,700,695,691,687,
686: 690,692,695,696,684,700,
687: 692,688,695,
688: 689,699,680,698,696,700,
689: 683,692,682,699,685,696,691,
690: 688,699,684,683,
691: 686,687,699,700,
692: 687,680,694,688,691,684,
693: 699,690,
694: 686,700,685,
695: 697,682,687,700,691,684,
696: 700,681,
697: 680,696,
698: 688,691,695,690,692,
699: 689,693,690,698,681,682,683,
700: 690,682,686,684,688,699,685,
