300 
1: 169,39,289,280,
2: 260,111,
3: 68,50,
4: 266,83,168,
5: 192,227,
6: 144,5,
7: 178,212,293,200,
8: 289,288,135,73,120,
9: 224,163,128,170,
10: 229,12,
11: 132,69,35,
12: 148,4,71,250,
13: 184,216,
14: 67,125,13,250,
15: 126,21,106,
16: 253,167,
17: 145,266,139,
18: 299,74,172,102,256,
19: 282,15,186,190,64,
20: 1,82,44,
21: 175,37,
22: 232,34,158,
23: 114,290,
24: 195,18,
25: 77,37,62,
26: 213,242,
27: 216,104,273,
28: 110,199,
29: 286,198,
30: 269,242,252,
31: 270,264,298,29,283,
32: 103,102,191,
33: 266,250,252,162,
34: 42,190,285,127,
35: 298,114,119,27,
36: 115,221,21,
37: 266,2,171,88,98,
38: 181,16,
39: 214,155,
40: 292,147,87,
41: 106,181,
42: 43,275,244,232,76,
43: 121,94,
44: 70,276,
45: 8,9,24,90,
46: 19,24,261,123,
47: 76,104,
48: 266,121,
49: 211,223,288,128,130,
50: 219,300,156,232,286,
51: 143,66,267,
52: 53,124,56,17,121,
53: 276,56,108,
54: 217,20,111,
55: 269,18,158,242,
56: 149,154,230,140,
57: 124,140,190,286,
58: 88,52,196,
59: 76,235,89,263,41,
60: 180,253,35,116,121,
61: 83,205,242,149,
62: 257,269,
63: 298,39,151,266,136,
64: 134,106,76,224,6,
65: 109,247,155,
66: 84,175,
67: 193,225,274,
68: 205,265,
69: 106,193,181,17,60,
70: 34,248,
71: 206,196,100,110,
72: 210,267,138,152,79,
73: 280,87,
74: 279,292,113,267,214,
75: 70,80,140,195,
76: 136,207,270,123,
77: 180,144,26,171,63,
78: 69,18,278,
79: 213,113,276,115,221,
80: 211,94,167,176,249,
81: 206,275,8,
82: 33,266,203,159,6,
83: 137,103,144,153,
84: 161,10,140,127,138,
85: 40,149,163,266,
86: 18,226,161,
87: 162,183,266,
88: 20,251,
89: 67,180,107,249,
90: 24,107,
91: 276,293,61,
92: 125,176,221,35,211,
93: 12,17,22,66,
94: 163,154,
95: 210,78,
96: 86,125,
97: 222,30,121,66,
98: 133,240,
99: 138,163,120,203,
100: 171,235,
101: 63,244,161,
102: 41,30,234,279,
103: 96,291,
104: 240,96,95,
105: 4,147,
106: 183,279,185,243,
107: 72,16,87,43,136,
108: 275,30,212,
109: 192,57,28,
110: 257,43,226,
111: 18,63,196,
112: 189,153,152,259,25,
113: 238,279,
114: 221,284,283,
115: 139,267,
116: 131,30,
117: 151,13,282,190,
118: 18,183,236,
119: 289,71,100,
120: 106,80,23,151,272,
121: 65,293,277,22,
122: 298,86,201,
123: 187,30,228,35,176,
124: 130,270,29,45,197,
125: 169,96,31,282,133,
126: 202,84,281,32,33,
127: 124,194,
128: 87,45,
129: 256,227,35,
130: 298,238,277,141,
131: 222,175,70,109,106,
132: 291,123,92,38,290,
133: 298,234,149,116,
134: 272,61,295,106,192,
135: 157,206,185,72,218,
136: 215,218,78,242,11,
137: 175,10,
138: 38,135,124,190,
139: 190,42,62,146,
140: 40,278,169,243,116,
141: 9,165,271,41,
142: 122,147,190,277,
143: 62,23,204,294,55,
144: 196,195,100,
145: 195,44,67,289,184,
146: 155,45,179,199,8,
147: 51,159,
148: 64,182,231,
149: 262,3,61,114,
150: 227,271,252,146,290,
151: 94,1,290,296,42,
152: 291,229,17,270,
153: 18,47,165,11,
154: 164,45,229,
155: 241,199,252,
156: 278,138,42,142,
157: 68,196,141,
158: 106,56,239,244,
159: 152,16,84,265,113,
160: 51,112,77,226,
161: 82,174,146,100,223,
162: 42,300,8,126,96,
163: 178,49,
164: 5,261,65,
165: 263,27,257,
166: 131,27,88,112,
167: 79,141,
168: 38,205,57,266,
169: 113,257,158,25,
170: 288,282,
171: 220,269,33,
172: 93,210,140,126,
173: 115,66,28,
174: 202,175,124,
175: 300,181,259,
176: 232,118,135,150,
177: 258,75,266,180,
178: 27,141,186,
179: 78,173,73,149,143,
180: 242,47,
181: 229,220,
182: 231,299,
183: 145,21,158,8,
184: 171,258,4,
185: 99,2,229,173,
186: 118,264,54,226,34,
187: 51,144,260,115,299,
188: 34,30,23,
189: 79,207,
190: 103,100,57,4,52,
191: 144,227,
192: 233,180,274,28,
193: 169,182,274,
194: 51,135,231,184,256,
195: 43,297,267,21,
196: 22,48,
197: 214,180,226,
198: 111,286,184,
199: 82,224,109,2,
200: 260,178,119,134,
201: 55,141,297,276,
202: 153,10,236,
203: 162,297,
204: 211,122,260,23,64,
205: 90,66,255,
206: 57,294,55,
207: 193,108,156,
208: 139,152,28,52,155,
209: 18,26,
210: 225,189,
211: 147,80,296,
212: 84,232,15,
213: 94,145,
214: 95,263,
215: 123,42,225,
216: 174,208,128,282,233,
217: 87,279,23,146,
218: 279,277,167,193,
219: 83,225,299,19,
220: 290,15,58,
221: 225,179,45,68,
222: 285,272,152,37,252,
223: 43,250,234,174,52,
224: 39,121,87,249,
225: 219,144,45,54,
226: 249,219,70,48,
227: 191,228,
228: 33,281,
229: 233,79,
230: 74,122,
231: 205,77,8,82,220,
232: 125,44,12,37,100,
233: 112,14,187,268,
234: 185,153,50,
235: 93,94,
236: 176,212,91,
237: 172,214,32,
238: 13,177,274,159,
239: 160,255,126,149,
240: 88,242,
241: 274,279,
242: 264,273,29,64,119,
243: 110,280,290,
244: 128,127,245,
245: 188,22,143,38,
246: 1,82,90,
247: 32,74,235,62,299,
248: 289,168,138,257,
249: 81,281,
250: 263,210,299,253,
251: 266,3,47,136,
252: 204,131,190,
253: 205,109,
254: 57,133,281,257,80,
255: 141,25,190,282,
256: 226,221,232,293,
257: 128,163,263,281,
258: 108,240,142,173,
259: 276,176,111,69,
260: 283,285,
261: 254,86,55,274,
262: 24,298,22,121,166,
263: 246,66,132,
264: 293,27,140,170,272,
265: 70,62,86,124,
266: 237,257,283,71,
267: 27,254,29,235,
268: 147,129,117,
269: 14,166,238,
270: 9,55,182,
271: 267,272,168,
272: 228,14,201,62,76,
273: 170,255,77,
274: 236,230,168,34,
275: 56,211,
276: 287,48,103,244,17,
277: 149,161,
278: 189,24,
279: 173,99,38,
280: 72,200,254,
281: 220,159,94,
282: 119,16,
283: 198,145,101,
284: 208,125,72,31,62,
285: 65,116,211,
286: 258,273,
287: 260,279,191,
288: 120,89,224,134,
289: 82,280,
290: 167,208,179,37,127,
291: 5,229,63,247,231,
292: 32,225,212,44,
293: 45,265,196,
294: 203,210,183,194,
295: 245,19,171,153,251,
296: 161,132,21,14,
297: 81,186,6,52,
298: 17,71,159,291,
299: 128,70,186,
