200 
1: 178,157,148,82,151,
2: 129,65,
3: 46,164,98,105,
4: 143,126,
5: 54,93,136,
6: 154,155,3,
7: 179,95,
8: 47,10,37,112,144,
9: 65,82,23,114,78,
10: 100,34,93,37,81,
11: 49,133,155,
12: 39,158,146,198,
13: 179,171,
14: 198,25,44,91,
15: 52,191,70,
16: 68,96,64,108,174,
17: 188,155,
18: 189,115,150,
19: 168,108,104,
20: 117,91,95,
21: 50,83,
22: 155,30,
23: 167,54,99,7,
24: 44,110,73,
25: 124,68,7,67,183,
26: 64,16,20,172,31,
27: 21,136,45,57,12,
28: 10,55,11,25,9,
29: 159,200,56,120,40,
30: 129,41,
31: 32,160,104,53,130,
32: 196,157,99,156,179,
33: 71,183,14,
34: 69,25,
35: 132,8,79,
36: 100,98,
37: 133,66,132,83,49,
38: 107,98,126,
39: 109,105,
40: 108,58,
41: 79,94,
42: 175,50,122,
43: 83,68,139,
44: 175,110,
45: 69,36,159,
46: 141,2,136,1,
47: 160,114,157,145,
48: 59,173,8,
49: 166,183,121,
50: 152,133,176,12,67,
51: 168,108,158,126,138,
52: 176,97,23,105,131,
53: 151,126,182,185,
54: 68,187,137,
55: 42,119,45,142,
56: 143,186,7,131,144,
57: 138,109,39,137,112,
58: 7,157,150,49,
59: 48,97,90,
60: 26,54,70,
61: 56,166,
62: 20,27,102,
63: 59,166,
64: 43,97,130,
65: 3,173,17,31,
66: 75,91,
67: 186,132,7,
68: 43,17,42,151,
69: 8,181,
70: 40,8,14,
71: 180,135,22,
72: 49,115,138,45,
73: 196,168,
74: 100,56,40,197,
75: 161,60,77,59,
76: 70,169,39,45,173,
77: 48,144,
78: 15,141,
79: 5,96,48,97,
80: 142,108,
81: 164,109,154,67,40,
82: 136,4,75,111,
83: 159,114,82,167,98,
84: 18,1,31,
85: 32,128,166,120,92,
86: 167,159,
87: 6,14,
88: 181,35,
89: 111,143,21,185,23,
90: 50,87,34,
91: 33,97,51,134,
92: 145,78,3,
93: 146,26,8,60,187,
94: 187,21,80,170,109,
95: 121,57,
96: 179,60,92,
97: 49,190,177,36,153,
98: 145,67,61,
99: 140,93,33,45,
100: 86,33,
101: 195,136,20,131,
102: 193,188,
103: 178,60,29,
104: 46,117,
105: 144,157,142,180,
106: 159,79,194,
107: 154,54,61,4,
108: 199,175,
109: 88,199,20,
110: 117,197,38,150,
111: 58,37,
112: 36,195,200,129,69,
113: 145,66,101,
114: 183,25,182,14,
115: 148,6,106,64,192,
116: 90,173,87,14,
117: 89,112,156,155,42,
118: 49,109,146,
119: 159,
120: 164,65,179,88,102,
121: 118,9,116,
122: 136,5,93,123,73,
123: 90,23,
124: 177,182,174,29,
125: 158,78,74,
126: 79,182,144,
127: 164,136,
128: 40,177,153,32,101,
129: 154,131,51,
130: 9,11,77,181,159,
131: 106,96,125,27,
132: 41,56,
133: 131,127,139,13,47,
134: 169,140,
135: 113,186,68,25,189,
136: 45,160,158,164,144,
137: 170,178,193,58,
138: 22,118,176,
139: 97,41,22,118,
140: 193,200,92,23,
141: 61,200,191,
142: 103,132,154,160,79,
143: 56,93,68,140,104,
144: 72,118,84,68,151,
145: 2,38,93,142,55,
146: 179,18,194,78,
147: 90,91,160,100,17,
148: 112,83,168,
149: 128,16,30,
150: 48,105,99,123,135,
151: 34,134,
152: 100,28,153,143,29,
153: 6,149,156,
154: 2,188,13,106,184,
155: 98,48,
156: 61,29,164,
157: 113,96,47,132,
158: 90,66,
159: 191,173,76,57,
160: 136,62,199,59,101,
161: 4,181,
162: 147,28,150,
163: 196,190,75,
164: 53,132,
165: 52,112,
166: 68,90,59,146,
167: 142,50,12,48,94,
168: 167,79,162,196,88,
169: 52,177,20,136,73,
170: 55,102,42,
171: 22,29,183,150,161,
172: 65,130,
173: 34,98,
174: 57,87,100,
175: 196,20,130,192,
176: 161,79,123,
177: 18,145,148,
178: 122,177,43,189,
179: 73,56,58,
180: 128,175,
181: 196,192,
182: 200,194,
183: 5,151,198,
184: 33,143,55,117,
185: 116,122,
186: 123,41,107,71,62,
187: 27,63,107,24,175,
188: 186,47,
189: 174,3,23,68,
190: 136,6,129,29,
191: 52,129,132,3,
192: 199,25,158,41,
193: 42,61,
194: 197,10,56,94,
195: 62,52,20,115,2,
196: 80,40,114,
197: 131,15,5,48,165,
198: 195,65,
199: 84,151,49,61,
